"streams","minimum","mean","maximum","site","dp.name","term.name","location"
"NEON.D01.BART.DP0.00001.001.01306.000.010.000",-1.91,-0.01,1.74,"BART","2D Wind Speed and Direction","uVectorComponent","Meas. Level 1"
"NEON.D01.BART.DP0.00001.001.01307.000.010.000",-1.85,-0.04,1.49,"BART","2D Wind Speed and Direction","vVectorComponent","Meas. Level 1"
"NEON.D01.BART.DP0.00001.001.01308.000.010.000",332.13,334.89,337.66,"BART","2D Wind Speed and Direction","soundSpeed","Meas. Level 1"
"NEON.D01.BART.DP0.00001.001.01309.000.010.000",0.72,5.29,9.91,"BART","2D Wind Speed and Direction","sensorTemp","Meas. Level 1"
"NEON.D01.BART.DP0.00001.001.01310.000.010.000",65,65,65,"BART","2D Wind Speed and Direction","2dWindSensorStatus","Meas. Level 1"
"NEON.D01.BART.DP0.00001.001.01306.000.020.000",-2.74,-0.04,2.27,"BART","2D Wind Speed and Direction","uVectorComponent","Meas. Level 2"
"NEON.D01.BART.DP0.00001.001.01307.000.020.000",-2.25,-0.02,2.29,"BART","2D Wind Speed and Direction","vVectorComponent","Meas. Level 2"
"NEON.D01.BART.DP0.00001.001.01308.000.020.000",336.44,338.22,339.91,"BART","2D Wind Speed and Direction","soundSpeed","Meas. Level 2"
"NEON.D01.BART.DP0.00001.001.01309.000.020.000",7.87,10.85,13.69,"BART","2D Wind Speed and Direction","sensorTemp","Meas. Level 2"
"NEON.D01.BART.DP0.00001.001.01310.000.020.000",65,65,65,"BART","2D Wind Speed and Direction","2dWindSensorStatus","Meas. Level 2"
"NEON.D01.BART.DP0.00001.001.01306.000.030.000",-3.68,0.22,6.59,"BART","2D Wind Speed and Direction","uVectorComponent","Meas. Level 3"
"NEON.D01.BART.DP0.00001.001.01307.000.030.000",-4.35,0.13,6.34,"BART","2D Wind Speed and Direction","vVectorComponent","Meas. Level 3"
"NEON.D01.BART.DP0.00001.001.01308.000.030.000",335.69,337.41,339.06,"BART","2D Wind Speed and Direction","soundSpeed","Meas. Level 3"
"NEON.D01.BART.DP0.00001.001.01309.000.030.000",6.62,9.48,12.26,"BART","2D Wind Speed and Direction","sensorTemp","Meas. Level 3"
"NEON.D01.BART.DP0.00001.001.01310.000.030.000",65,65,65,"BART","2D Wind Speed and Direction","2dWindSensorStatus","Meas. Level 3"
"NEON.D01.BART.DP0.00001.001.01306.000.040.000",-4.09,0.29,11.16,"BART","2D Wind Speed and Direction","uVectorComponent","Meas. Level 4"
"NEON.D01.BART.DP0.00001.001.01307.000.040.000",-9.62,-0.41,5.14,"BART","2D Wind Speed and Direction","vVectorComponent","Meas. Level 4"
"NEON.D01.BART.DP0.00001.001.01308.000.040.000",335.67,337.77,339.55,"BART","2D Wind Speed and Direction","soundSpeed","Meas. Level 4"
"NEON.D01.BART.DP0.00001.001.01309.000.040.000",6.58,10.1,13.08,"BART","2D Wind Speed and Direction","sensorTemp","Meas. Level 4"
"NEON.D01.BART.DP0.00001.001.01310.000.040.000",65,65,65,"BART","2D Wind Speed and Direction","2dWindSensorStatus","Meas. Level 4"
"NEON.D01.BART.DP0.00001.001.01306.000.050.000",-5.24,0.41,12.37,"BART","2D Wind Speed and Direction","uVectorComponent","Meas. Level 5"
"NEON.D01.BART.DP0.00001.001.01307.000.050.000",-10.85,-0.63,7.53,"BART","2D Wind Speed and Direction","vVectorComponent","Meas. Level 5"
"NEON.D01.BART.DP0.00001.001.01308.000.050.000",335.07,337.61,339.57,"BART","2D Wind Speed and Direction","soundSpeed","Meas. Level 5"
"NEON.D01.BART.DP0.00001.001.01309.000.050.000",5.59,9.83,13.12,"BART","2D Wind Speed and Direction","sensorTemp","Meas. Level 5"
"NEON.D01.BART.DP0.00001.001.01310.000.050.000",65,65,65,"BART","2D Wind Speed and Direction","2dWindSensorStatus","Meas. Level 5"
"NEON.D01.BART.DP0.00002.001.01325.000.010.000",99.43,101.15,102.79,"BART","Single Aspirated Air Temperature","PRTResistance","Meas. Level 1"
"NEON.D01.BART.DP0.00002.001.01326.000.010.000",4049.96,4070.83,4080.2,"BART","Single Aspirated Air Temperature","fanSpeed","Meas. Level 1"
"NEON.D01.BART.DP0.00002.001.01330.000.010.000",479.98,517.15,540.03,"BART","Single Aspirated Air Temperature","turbineSpeed","Meas. Level 1"
"NEON.D01.BART.DP0.00002.001.01325.000.020.000",99.3,101.18,102.95,"BART","Single Aspirated Air Temperature","PRTResistance","Meas. Level 2"
"NEON.D01.BART.DP0.00002.001.01326.000.020.000",4019.77,4037.83,4065,"BART","Single Aspirated Air Temperature","fanSpeed","Meas. Level 2"
"NEON.D01.BART.DP0.00002.001.01330.000.020.000",539.99,606.16,660.01,"BART","Single Aspirated Air Temperature","turbineSpeed","Meas. Level 2"
"NEON.D01.BART.DP0.00002.001.01325.000.030.000",99.29,101.35,103.14,"BART","Single Aspirated Air Temperature","PRTResistance","Meas. Level 3"
"NEON.D01.BART.DP0.00002.001.01326.000.030.000",0,4047.48,4065.1,"BART","Single Aspirated Air Temperature","fanSpeed","Meas. Level 3"
"NEON.D01.BART.DP0.00002.001.01330.000.030.000",0,588.4,660,"BART","Single Aspirated Air Temperature","turbineSpeed","Meas. Level 3"
"NEON.D01.BART.DP0.00002.001.01325.000.040.000",99.26,101.3,103.08,"BART","Single Aspirated Air Temperature","PRTResistance","Meas. Level 4"
"NEON.D01.BART.DP0.00002.001.01326.000.040.000",0,3992.89,4020.03,"BART","Single Aspirated Air Temperature","fanSpeed","Meas. Level 4"
"NEON.D01.BART.DP0.00002.001.01330.000.040.000",360,721.45,780.05,"BART","Single Aspirated Air Temperature","turbineSpeed","Meas. Level 4"
"NEON.D01.BART.DP0.00002.001.01325.000.050.000",99.35,101.36,103.03,"BART","Single Aspirated Air Temperature","PRTResistance","Meas. Level 5"
"NEON.D01.BART.DP0.00002.001.01326.000.050.000",0,3954.84,3975.05,"BART","Single Aspirated Air Temperature","fanSpeed","Meas. Level 5"
"NEON.D01.BART.DP0.00002.001.01330.000.050.000",0,746.48,869.99,"BART","Single Aspirated Air Temperature","turbineSpeed","Meas. Level 5"
"NEON.D01.BART.DP0.00003.001.01325.000.060.101",99.36,101.27,102.86,"BART","Triple Aspirated Air Temperature","PRTResistance","Meas. Level 6"
"NEON.D01.BART.DP0.00003.001.01326.000.060.000",0,3989.26,4020.01,"BART","Triple Aspirated Air Temperature","fanSpeed","Meas. Level 6"
"NEON.D01.BART.DP0.00003.001.01330.000.060.000",300,668.51,840,"BART","Triple Aspirated Air Temperature","turbineSpeed","Meas. Level 6"
"NEON.D01.BART.DP0.00003.001.01325.000.060.102",99.46,101.37,102.96,"BART","Triple Aspirated Air Temperature","PRTResistance","Meas. Level 6"
"NEON.D01.BART.DP0.00003.001.01325.000.060.103",99.45,101.36,102.95,"BART","Triple Aspirated Air Temperature","PRTResistance","Meas. Level 6"
"NEON.D01.BART.DP0.00004.001.01309.000.025.000",-0.14,4.5,9.11,"BART","Barometric Pressure","sensorTemp","Meas. Level 2.5"
"NEON.D01.BART.DP0.00004.001.01311.000.025.000",98.38,98.68,98.96,"BART","Barometric Pressure","rawBarometricPressure","Meas. Level 2.5"
"NEON.D01.BART.DP0.00004.001.01312.000.025.000",0,0,0,"BART","Barometric Pressure","sensorStatus","Meas. Level 2.5"
"NEON.D01.BART.DP0.00005.001.01313.000.010.000",0,0,0,"BART","IR Biological Temperature","infraredThermopileOutput","Meas. Level 1"
"NEON.D01.BART.DP0.00005.001.01314.000.010.000",588.07,591.24,593.9,"BART","IR Biological Temperature","sensorResistance","Meas. Level 1"
"NEON.D01.BART.DP0.00005.001.01313.000.020.000",0,0,0,"BART","IR Biological Temperature","infraredThermopileOutput","Meas. Level 2"
"NEON.D01.BART.DP0.00005.001.01314.000.020.000",586.94,591.16,593.96,"BART","IR Biological Temperature","sensorResistance","Meas. Level 2"
"NEON.D01.BART.DP0.00005.001.01313.000.030.000",0,0,0,"BART","IR Biological Temperature","infraredThermopileOutput","Meas. Level 3"
"NEON.D01.BART.DP0.00005.001.01314.000.030.000",586.51,591.03,594.27,"BART","IR Biological Temperature","sensorResistance","Meas. Level 3"
"NEON.D01.BART.DP0.00005.001.01313.003.000.000",0,0,0,"BART","IR Biological Temperature","infraredThermopileOutput","Soil Plot 3"
"NEON.D01.BART.DP0.00005.001.01314.003.000.000",585.92,591,593.83,"BART","IR Biological Temperature","sensorResistance","Soil Plot 3"
"NEON.D01.BART.DP0.00005.001.01313.000.040.000",0,0,0,"BART","IR Biological Temperature","infraredThermopileOutput","Meas. Level 4"
"NEON.D01.BART.DP0.00005.001.01314.000.040.000",586.14,590.68,594.17,"BART","IR Biological Temperature","sensorResistance","Meas. Level 4"
"NEON.D01.BART.DP0.00006.001.02080.000.060.000",0,0,0,"BART","Precipitation","heaterMonitor","Meas. Level 6"
"NEON.D01.BART.DP0.00014.001.01332.000.060.000",0,134.61,528.1,"BART","Shortwave Radiation (Direct and Diffuse Pyranometer)","rawShortwaveRadiationGlobal","Meas. Level 6"
"NEON.D01.BART.DP0.00014.001.01333.000.060.000",0,18.71,61.1,"BART","Shortwave Radiation (Direct and Diffuse Pyranometer)","rawShortwaveRadiationDiffuse","Meas. Level 6"
"NEON.D01.BART.DP0.00014.001.01334.000.060.000",0,0.35,1,"BART","Shortwave Radiation (Direct and Diffuse Pyranometer)","sunPresence","Meas. Level 6"
"NEON.D01.BART.DP0.00023.001.01314.003.000.000",99.43,101.26,103.81,"BART","Shortwave/Longwave Net Radiation","sensorResistance","Soil Plot 3"
"NEON.D01.BART.DP0.00023.001.01317.003.000.000",0,0,0,"BART","Shortwave/Longwave Net Radiation","inNetRadPyrgeometer","Soil Plot 3"
"NEON.D01.BART.DP0.00023.001.01318.003.000.000",0,0,0,"BART","Shortwave/Longwave Net Radiation","outNetRadPyrgeometer","Soil Plot 3"
"NEON.D01.BART.DP0.00023.001.01314.000.060.000",100.59,102.27,104.36,"BART","Shortwave/Longwave Net Radiation","sensorResistance","Meas. Level 6"
"NEON.D01.BART.DP0.00023.001.01315.000.060.000",0,0,0.01,"BART","Shortwave/Longwave Net Radiation","inNetRadPyranometer","Meas. Level 6"
"NEON.D01.BART.DP0.00023.001.01316.000.060.000",0,0,0,"BART","Shortwave/Longwave Net Radiation","outNetRadPyranometer","Meas. Level 6"
"NEON.D01.BART.DP0.00023.001.01317.000.060.000",0,0,0,"BART","Shortwave/Longwave Net Radiation","inNetRadPyrgeometer","Meas. Level 6"
"NEON.D01.BART.DP0.00023.001.01318.000.060.000",0,0,0,"BART","Shortwave/Longwave Net Radiation","outNetRadPyrgeometer","Meas. Level 6"
"NEON.D01.BART.DP0.00023.001.01319.000.060.000",1,1,1,"BART","Shortwave/Longwave Net Radiation","heaterFlag","Meas. Level 6"
"NEON.D01.BART.DP0.00024.001.01320.000.010.000",0,0,0,"BART","Photosynthetically Active Radiation","inPAR","Meas. Level 1"
"NEON.D01.BART.DP0.00024.001.01320.000.020.000",0,0,0,"BART","Photosynthetically Active Radiation","inPAR","Meas. Level 2"
"NEON.D01.BART.DP0.00024.001.01320.000.030.000",0,0,0.01,"BART","Photosynthetically Active Radiation","inPAR","Meas. Level 3"
"NEON.D01.BART.DP0.00024.001.01320.000.040.000",0,0,0.01,"BART","Photosynthetically Active Radiation","inPAR","Meas. Level 4"
"NEON.D01.BART.DP0.00024.001.01320.000.050.000",0,0,0.01,"BART","Photosynthetically Active Radiation","inPAR","Meas. Level 5"
"NEON.D01.BART.DP0.00024.001.01320.000.060.000",0,0,0,"BART","Photosynthetically Active Radiation","inPAR","Meas. Level 6"
"NEON.D01.BART.DP0.00024.001.01321.000.060.000",0,0,0,"BART","Photosynthetically Active Radiation","outPAR","Meas. Level 6"
"NEON.D01.BART.DP0.00040.001.01798.001.501.000",0,0,0.01,"BART","Soil heat flux plate","SHFVoltage","Soil Plot 1, depth 1"
"NEON.D01.BART.DP0.00040.001.01799.001.501.000",0,0.01,1,"BART","Soil heat flux plate","SHFCalHeaterFlag","Soil Plot 1, depth 1"
"NEON.D01.BART.DP0.00040.001.01800.001.501.000",0,0.01,0.58,"BART","Soil heat flux plate","curVoltage","Soil Plot 1, depth 1"
"NEON.D01.BART.DP0.00040.001.01798.003.501.000",0,0,0.01,"BART","Soil heat flux plate","SHFVoltage","Soil Plot 3, depth 1"
"NEON.D01.BART.DP0.00040.001.01799.003.501.000",0,0.01,1,"BART","Soil heat flux plate","SHFCalHeaterFlag","Soil Plot 3, depth 1"
"NEON.D01.BART.DP0.00040.001.01800.003.501.000",0,0.01,0.58,"BART","Soil heat flux plate","curVoltage","Soil Plot 3, depth 1"
"NEON.D01.BART.DP0.00040.001.01798.005.501.000",0,0,0.01,"BART","Soil heat flux plate","SHFVoltage","Soil Plot 5, depth 1"
"NEON.D01.BART.DP0.00040.001.01799.005.501.000",0,0.01,1,"BART","Soil heat flux plate","SHFCalHeaterFlag","Soil Plot 5, depth 1"
"NEON.D01.BART.DP0.00040.001.01800.005.501.000",0,0.01,0.6,"BART","Soil heat flux plate","curVoltage","Soil Plot 5, depth 1"
"NEON.D01.BART.DP0.00041.001.01728.001.501.000",103.22,103.43,103.72,"BART","Soil temperature","soilPRTResistance","Soil Plot 1, depth 1"
"NEON.D01.BART.DP0.00041.001.01728.001.502.000",103.37,103.51,103.76,"BART","Soil temperature","soilPRTResistance","Soil Plot 1, depth 2"
"NEON.D01.BART.DP0.00041.001.01728.001.503.000",103.69,103.81,103.96,"BART","Soil temperature","soilPRTResistance","Soil Plot 1, depth 3"
"NEON.D01.BART.DP0.00041.001.01728.001.504.000",103.85,103.95,104.03,"BART","Soil temperature","soilPRTResistance","Soil Plot 1, depth 4"
"NEON.D01.BART.DP0.00041.001.01728.001.505.000",103.98,104.01,104.03,"BART","Soil temperature","soilPRTResistance","Soil Plot 1, depth 5"
"NEON.D01.BART.DP0.00041.001.01728.001.506.000",103.6,103.61,103.63,"BART","Soil temperature","soilPRTResistance","Soil Plot 1, depth 6"
"NEON.D01.BART.DP0.00041.001.01728.001.507.000",103.96,103.97,103.98,"BART","Soil temperature","soilPRTResistance","Soil Plot 1, depth 7"
"NEON.D01.BART.DP0.00041.001.01728.001.508.000",103.98,103.99,103.99,"BART","Soil temperature","soilPRTResistance","Soil Plot 1, depth 8"
"NEON.D01.BART.DP0.00041.001.01728.001.509.000",103.95,103.96,103.97,"BART","Soil temperature","soilPRTResistance","Soil Plot 1, depth 9"
"NEON.D01.BART.DP0.00041.001.01728.002.501.000",102.22,102.69,103.24,"BART","Soil temperature","soilPRTResistance","Soil Plot 2, depth 1"
"NEON.D01.BART.DP0.00041.001.01728.002.502.000",102.73,103.08,103.62,"BART","Soil temperature","soilPRTResistance","Soil Plot 2, depth 2"
"NEON.D01.BART.DP0.00041.001.01728.002.503.000",103.44,103.64,104.01,"BART","Soil temperature","soilPRTResistance","Soil Plot 2, depth 3"
"NEON.D01.BART.DP0.00041.001.01728.002.504.000",103.66,103.83,104.01,"BART","Soil temperature","soilPRTResistance","Soil Plot 2, depth 4"
"NEON.D01.BART.DP0.00041.001.01728.002.505.000",103.94,103.97,103.98,"BART","Soil temperature","soilPRTResistance","Soil Plot 2, depth 5"
"NEON.D01.BART.DP0.00041.001.01728.002.506.000",103.76,103.79,103.81,"BART","Soil temperature","soilPRTResistance","Soil Plot 2, depth 6"
"NEON.D01.BART.DP0.00041.001.01728.002.507.000",-1249.96,237.65,1249.93,"BART","Soil temperature","soilPRTResistance","Soil Plot 2, depth 7"
"NEON.D01.BART.DP0.00041.001.01728.002.508.000",103.9,103.9,103.91,"BART","Soil temperature","soilPRTResistance","Soil Plot 2, depth 8"
"NEON.D01.BART.DP0.00041.001.01728.002.509.000",103.95,103.96,103.97,"BART","Soil temperature","soilPRTResistance","Soil Plot 2, depth 9"
"NEON.D01.BART.DP0.00041.001.01728.003.501.000",103.21,103.44,103.75,"BART","Soil temperature","soilPRTResistance","Soil Plot 3, depth 1"
"NEON.D01.BART.DP0.00041.001.01728.003.502.000",103.54,103.67,103.91,"BART","Soil temperature","soilPRTResistance","Soil Plot 3, depth 2"
"NEON.D01.BART.DP0.00041.001.01728.003.503.000",318.61,351.49,469.83,"BART","Soil temperature","soilPRTResistance","Soil Plot 3, depth 3"
"NEON.D01.BART.DP0.00041.001.01728.003.504.000",103.8,103.9,104.02,"BART","Soil temperature","soilPRTResistance","Soil Plot 3, depth 4"
"NEON.D01.BART.DP0.00041.001.01728.003.505.000",103.93,103.94,103.95,"BART","Soil temperature","soilPRTResistance","Soil Plot 3, depth 5"
"NEON.D01.BART.DP0.00041.001.01728.003.506.000",103.9,103.92,103.93,"BART","Soil temperature","soilPRTResistance","Soil Plot 3, depth 6"
"NEON.D01.BART.DP0.00041.001.01728.003.507.000",103.97,103.98,103.99,"BART","Soil temperature","soilPRTResistance","Soil Plot 3, depth 7"
"NEON.D01.BART.DP0.00041.001.01728.003.508.000",103.71,103.71,103.72,"BART","Soil temperature","soilPRTResistance","Soil Plot 3, depth 8"
"NEON.D01.BART.DP0.00041.001.01728.003.509.000",103.9,103.9,103.91,"BART","Soil temperature","soilPRTResistance","Soil Plot 3, depth 9"
"NEON.D01.BART.DP0.00041.001.01728.004.501.000",101.85,102.4,103,"BART","Soil temperature","soilPRTResistance","Soil Plot 4, depth 1"
"NEON.D01.BART.DP0.00041.001.01728.004.502.000",102.39,102.8,103.38,"BART","Soil temperature","soilPRTResistance","Soil Plot 4, depth 2"
"NEON.D01.BART.DP0.00041.001.01728.004.503.000",103.39,103.57,103.96,"BART","Soil temperature","soilPRTResistance","Soil Plot 4, depth 3"
"NEON.D01.BART.DP0.00041.001.01728.004.504.000",103.79,103.93,104.11,"BART","Soil temperature","soilPRTResistance","Soil Plot 4, depth 4"
"NEON.D01.BART.DP0.00041.001.01728.004.505.000",103.91,103.93,103.94,"BART","Soil temperature","soilPRTResistance","Soil Plot 4, depth 5"
"NEON.D01.BART.DP0.00041.001.01728.004.506.000",289.54,332.04,389.77,"BART","Soil temperature","soilPRTResistance","Soil Plot 4, depth 6"
"NEON.D01.BART.DP0.00041.001.01728.004.507.000",103.68,103.69,103.69,"BART","Soil temperature","soilPRTResistance","Soil Plot 4, depth 7"
"NEON.D01.BART.DP0.00041.001.01728.004.508.000",103.88,103.88,103.89,"BART","Soil temperature","soilPRTResistance","Soil Plot 4, depth 8"
"NEON.D01.BART.DP0.00041.001.01728.004.509.000",103.91,103.91,103.92,"BART","Soil temperature","soilPRTResistance","Soil Plot 4, depth 9"
"NEON.D01.BART.DP0.00041.001.01728.005.501.000",102.66,102.9,103.27,"BART","Soil temperature","soilPRTResistance","Soil Plot 5, depth 1"
"NEON.D01.BART.DP0.00041.001.01728.005.502.000",103.1,103.29,103.64,"BART","Soil temperature","soilPRTResistance","Soil Plot 5, depth 2"
"NEON.D01.BART.DP0.00041.001.01728.005.503.000",103.47,103.61,103.87,"BART","Soil temperature","soilPRTResistance","Soil Plot 5, depth 3"
"NEON.D01.BART.DP0.00041.001.01728.005.504.000",103.4,103.54,103.72,"BART","Soil temperature","soilPRTResistance","Soil Plot 5, depth 4"
"NEON.D01.BART.DP0.00041.001.01728.005.505.000",103.79,103.84,103.86,"BART","Soil temperature","soilPRTResistance","Soil Plot 5, depth 5"
"NEON.D01.BART.DP0.00041.001.01728.005.506.000",104.03,104.04,104.05,"BART","Soil temperature","soilPRTResistance","Soil Plot 5, depth 6"
"NEON.D01.BART.DP0.00041.001.01728.005.507.000",103.86,103.87,103.88,"BART","Soil temperature","soilPRTResistance","Soil Plot 5, depth 7"
"NEON.D01.BART.DP0.00041.001.01728.005.508.000",103.89,103.9,103.91,"BART","Soil temperature","soilPRTResistance","Soil Plot 5, depth 8"
"NEON.D01.BART.DP0.00041.001.01728.005.509.000",103.94,103.95,103.96,"BART","Soil temperature","soilPRTResistance","Soil Plot 5, depth 9"
"NEON.D01.BART.DP0.00066.001.01329.001.000.000",0,0,0,"BART","Photosynthetically active radiation (Quantum Line)","linePAR","Soil Plot 1"
"NEON.D01.BART.DP0.00066.001.01329.003.000.000",0,0,0,"BART","Photosynthetically active radiation (Quantum Line)","linePAR","Soil Plot 3"
"NEON.D01.BART.DP0.00066.001.01329.005.000.000",0,0,0,"BART","Photosynthetically active radiation (Quantum Line)","linePAR","Soil Plot 5"
"NEON.D01.BART.DP0.00094.001.02081.001.501.000",78.8,78.84,78.9,"BART","Soil water and salinity","rawVSWC0","Soil Plot 1, depth 1"
"NEON.D01.BART.DP0.00094.001.02082.001.501.000",1362.29,1365.61,1370.16,"BART","Soil water and salinity","rawVSIC0","Soil Plot 1, depth 1"
"NEON.D01.BART.DP0.00094.001.02083.001.501.000",66.45,66.59,66.65,"BART","Soil water and salinity","rawVSWC1","Soil Plot 1, depth 1"
"NEON.D01.BART.DP0.00094.001.02084.001.501.000",1207.95,1208.35,1208.86,"BART","Soil water and salinity","rawVSIC1","Soil Plot 1, depth 1"
"NEON.D01.BART.DP0.00094.001.02085.001.501.000",59.47,59.72,60.7,"BART","Soil water and salinity","rawVSWC2","Soil Plot 1, depth 1"
"NEON.D01.BART.DP0.00094.001.02086.001.501.000",1089.26,1089.72,1090.51,"BART","Soil water and salinity","rawVSIC2","Soil Plot 1, depth 1"
"NEON.D01.BART.DP0.00094.001.02087.001.501.000",52.69,52.74,52.77,"BART","Soil water and salinity","rawVSWC3","Soil Plot 1, depth 1"
"NEON.D01.BART.DP0.00094.001.02088.001.501.000",1179.29,1180.21,1181.53,"BART","Soil water and salinity","rawVSIC3","Soil Plot 1, depth 1"
"NEON.D01.BART.DP0.00094.001.02089.001.501.000",69.68,69.86,69.98,"BART","Soil water and salinity","rawVSWC4","Soil Plot 1, depth 1"
"NEON.D01.BART.DP0.00094.001.02090.001.501.000",1089.9,1090.74,1091.74,"BART","Soil water and salinity","rawVSIC4","Soil Plot 1, depth 1"
"NEON.D01.BART.DP0.00094.001.02091.001.501.000",0,78.54,100.48,"BART","Soil water and salinity","rawVSWC5","Soil Plot 1, depth 1"
"NEON.D01.BART.DP0.00094.001.02092.001.501.000",1091.89,1155.94,1159.68,"BART","Soil water and salinity","rawVSIC5","Soil Plot 1, depth 1"
"NEON.D01.BART.DP0.00094.001.02093.001.501.000",59.92,59.98,60.01,"BART","Soil water and salinity","rawVSWC6","Soil Plot 1, depth 1"
"NEON.D01.BART.DP0.00094.001.02094.001.501.000",1101.93,1102.99,1148.41,"BART","Soil water and salinity","rawVSIC6","Soil Plot 1, depth 1"
"NEON.D01.BART.DP0.00094.001.02095.001.501.000",65.35,68.65,100.9,"BART","Soil water and salinity","rawVSWC7","Soil Plot 1, depth 1"
"NEON.D01.BART.DP0.00094.001.02096.001.501.000",1141.82,1163.67,34886.68,"BART","Soil water and salinity","rawVSIC7","Soil Plot 1, depth 1"
"NEON.D01.BART.DP0.00094.001.02081.002.501.000",19.33,19.5,19.69,"BART","Soil water and salinity","rawVSWC0","Soil Plot 2, depth 1"
"NEON.D01.BART.DP0.00094.001.02082.002.501.000",1018.62,1022.01,1024.67,"BART","Soil water and salinity","rawVSIC0","Soil Plot 2, depth 1"
"NEON.D01.BART.DP0.00094.001.02083.002.501.000",11.06,11.29,11.44,"BART","Soil water and salinity","rawVSWC1","Soil Plot 2, depth 1"
"NEON.D01.BART.DP0.00094.001.02084.002.501.000",1034.52,1040.33,1049.07,"BART","Soil water and salinity","rawVSIC1","Soil Plot 2, depth 1"
"NEON.D01.BART.DP0.00094.001.02085.002.501.000",28.41,28.76,29.37,"BART","Soil water and salinity","rawVSWC2","Soil Plot 2, depth 1"
"NEON.D01.BART.DP0.00094.001.02086.002.501.000",1118.16,1123.62,1131.06,"BART","Soil water and salinity","rawVSIC2","Soil Plot 2, depth 1"
"NEON.D01.BART.DP0.00094.001.02087.002.501.000",38.26,38.36,38.53,"BART","Soil water and salinity","rawVSWC3","Soil Plot 2, depth 1"
"NEON.D01.BART.DP0.00094.001.02088.002.501.000",1045.36,1048.49,1050.9,"BART","Soil water and salinity","rawVSIC3","Soil Plot 2, depth 1"
"NEON.D01.BART.DP0.00094.001.02089.002.501.000",70.76,70.87,70.95,"BART","Soil water and salinity","rawVSWC4","Soil Plot 2, depth 1"
"NEON.D01.BART.DP0.00094.001.02090.002.501.000",1107.27,1107.92,1108.55,"BART","Soil water and salinity","rawVSIC4","Soil Plot 2, depth 1"
"NEON.D01.BART.DP0.00094.001.02091.002.501.000",69.42,69.55,69.82,"BART","Soil water and salinity","rawVSWC5","Soil Plot 2, depth 1"
"NEON.D01.BART.DP0.00094.001.02092.002.501.000",1113.35,1114.25,1115,"BART","Soil water and salinity","rawVSIC5","Soil Plot 2, depth 1"
"NEON.D01.BART.DP0.00094.001.02093.002.501.000",55.2,55.44,55.51,"BART","Soil water and salinity","rawVSWC6","Soil Plot 2, depth 1"
"NEON.D01.BART.DP0.00094.001.02094.002.501.000",1110.96,1112.99,1116.47,"BART","Soil water and salinity","rawVSIC6","Soil Plot 2, depth 1"
"NEON.D01.BART.DP0.00094.001.02095.002.501.000",58.46,58.47,58.49,"BART","Soil water and salinity","rawVSWC7","Soil Plot 2, depth 1"
"NEON.D01.BART.DP0.00094.001.02096.002.501.000",1130.14,1130.88,1131.55,"BART","Soil water and salinity","rawVSIC7","Soil Plot 2, depth 1"
"NEON.D01.BART.DP0.00094.001.02081.003.501.000",75.61,80.55,83.49,"BART","Soil water and salinity","rawVSWC0","Soil Plot 3, depth 1"
"NEON.D01.BART.DP0.00094.001.02082.003.501.000",1422.69,1444.67,1456.57,"BART","Soil water and salinity","rawVSIC0","Soil Plot 3, depth 1"
"NEON.D01.BART.DP0.00094.001.02083.003.501.000",78.78,78.82,78.95,"BART","Soil water and salinity","rawVSWC1","Soil Plot 3, depth 1"
"NEON.D01.BART.DP0.00094.001.02084.003.501.000",1323.11,1324.09,1325.6,"BART","Soil water and salinity","rawVSIC1","Soil Plot 3, depth 1"
"NEON.D01.BART.DP0.00094.001.02085.003.501.000",86.79,86.98,87.16,"BART","Soil water and salinity","rawVSWC2","Soil Plot 3, depth 1"
"NEON.D01.BART.DP0.00094.001.02086.003.501.000",1245.58,1246,1246.9,"BART","Soil water and salinity","rawVSIC2","Soil Plot 3, depth 1"
"NEON.D01.BART.DP0.00094.001.02087.003.501.000",48.67,48.85,48.92,"BART","Soil water and salinity","rawVSWC3","Soil Plot 3, depth 1"
"NEON.D01.BART.DP0.00094.001.02088.003.501.000",1155.26,1157.53,1160.56,"BART","Soil water and salinity","rawVSIC3","Soil Plot 3, depth 1"
"NEON.D01.BART.DP0.00094.001.02089.003.501.000",Inf,NA,-Inf,"BART","Soil water and salinity","rawVSWC4","Soil Plot 3, depth 1"
"NEON.D01.BART.DP0.00094.001.02090.003.501.000",Inf,NA,-Inf,"BART","Soil water and salinity","rawVSIC4","Soil Plot 3, depth 1"
"NEON.D01.BART.DP0.00094.001.02091.003.501.000",92.18,92.23,92.32,"BART","Soil water and salinity","rawVSWC5","Soil Plot 3, depth 1"
"NEON.D01.BART.DP0.00094.001.02092.003.501.000",1146.04,1146.99,1148.18,"BART","Soil water and salinity","rawVSIC5","Soil Plot 3, depth 1"
"NEON.D01.BART.DP0.00094.001.02093.003.501.000",65.24,66.12,93.06,"BART","Soil water and salinity","rawVSWC6","Soil Plot 3, depth 1"
"NEON.D01.BART.DP0.00094.001.02094.003.501.000",1158.12,1162.24,1167.44,"BART","Soil water and salinity","rawVSIC6","Soil Plot 3, depth 1"
"NEON.D01.BART.DP0.00094.001.02095.003.501.000",74.33,74.79,75.22,"BART","Soil water and salinity","rawVSWC7","Soil Plot 3, depth 1"
"NEON.D01.BART.DP0.00094.001.02096.003.501.000",1195.74,1196.85,1198.39,"BART","Soil water and salinity","rawVSIC7","Soil Plot 3, depth 1"
"NEON.D01.BART.DP0.00094.001.02081.004.501.000",15.97,16.09,16.28,"BART","Soil water and salinity","rawVSWC0","Soil Plot 4, depth 1"
"NEON.D01.BART.DP0.00094.001.02082.004.501.000",945.79,949.87,955.49,"BART","Soil water and salinity","rawVSIC0","Soil Plot 4, depth 1"
"NEON.D01.BART.DP0.00094.001.02083.004.501.000",26.1,26.18,26.3,"BART","Soil water and salinity","rawVSWC1","Soil Plot 4, depth 1"
"NEON.D01.BART.DP0.00094.001.02084.004.501.000",963.77,967.74,968.89,"BART","Soil water and salinity","rawVSIC1","Soil Plot 4, depth 1"
"NEON.D01.BART.DP0.00094.001.02085.004.501.000",20.96,21.08,21.18,"BART","Soil water and salinity","rawVSWC2","Soil Plot 4, depth 1"
"NEON.D01.BART.DP0.00094.001.02086.004.501.000",1044.1,1048.46,1051.49,"BART","Soil water and salinity","rawVSIC2","Soil Plot 4, depth 1"
"NEON.D01.BART.DP0.00094.001.02087.004.501.000",46.48,51.8,59.75,"BART","Soil water and salinity","rawVSWC3","Soil Plot 4, depth 1"
"NEON.D01.BART.DP0.00094.001.02088.004.501.000",1098.52,1108.29,1116.13,"BART","Soil water and salinity","rawVSIC3","Soil Plot 4, depth 1"
"NEON.D01.BART.DP0.00094.001.02089.004.501.000",76.15,76.98,77.55,"BART","Soil water and salinity","rawVSWC4","Soil Plot 4, depth 1"
"NEON.D01.BART.DP0.00094.001.02090.004.501.000",999.95,1002.07,1003.26,"BART","Soil water and salinity","rawVSIC4","Soil Plot 4, depth 1"
"NEON.D01.BART.DP0.00094.001.02091.004.501.000",69.29,69.96,71.18,"BART","Soil water and salinity","rawVSWC5","Soil Plot 4, depth 1"
"NEON.D01.BART.DP0.00094.001.02092.004.501.000",1071.31,1074.09,1075.8,"BART","Soil water and salinity","rawVSIC5","Soil Plot 4, depth 1"
"NEON.D01.BART.DP0.00094.001.02093.004.501.000",50.38,50.47,50.53,"BART","Soil water and salinity","rawVSWC6","Soil Plot 4, depth 1"
"NEON.D01.BART.DP0.00094.001.02094.004.501.000",1028.05,1029.04,1030.33,"BART","Soil water and salinity","rawVSIC6","Soil Plot 4, depth 1"
"NEON.D01.BART.DP0.00094.001.02095.004.501.000",65.5,65.63,65.71,"BART","Soil water and salinity","rawVSWC7","Soil Plot 4, depth 1"
"NEON.D01.BART.DP0.00094.001.02096.004.501.000",1038.73,1040.01,1041.83,"BART","Soil water and salinity","rawVSIC7","Soil Plot 4, depth 1"
"NEON.D01.BART.DP0.00094.001.02081.005.501.000",69.65,69.83,70.04,"BART","Soil water and salinity","rawVSWC0","Soil Plot 5, depth 1"
"NEON.D01.BART.DP0.00094.001.02082.005.501.000",1365.92,1371.6,1376.75,"BART","Soil water and salinity","rawVSIC0","Soil Plot 5, depth 1"
"NEON.D01.BART.DP0.00094.001.02083.005.501.000",71.27,71.43,72.6,"BART","Soil water and salinity","rawVSWC1","Soil Plot 5, depth 1"
"NEON.D01.BART.DP0.00094.001.02084.005.501.000",1321.27,1324.33,1326.42,"BART","Soil water and salinity","rawVSIC1","Soil Plot 5, depth 1"
"NEON.D01.BART.DP0.00094.001.02085.005.501.000",75.49,75.79,76.12,"BART","Soil water and salinity","rawVSWC2","Soil Plot 5, depth 1"
"NEON.D01.BART.DP0.00094.001.02086.005.501.000",1237.85,1239.36,1243.12,"BART","Soil water and salinity","rawVSIC2","Soil Plot 5, depth 1"
"NEON.D01.BART.DP0.00094.001.02087.005.501.000",48.01,48.25,48.78,"BART","Soil water and salinity","rawVSWC3","Soil Plot 5, depth 1"
"NEON.D01.BART.DP0.00094.001.02088.005.501.000",1144.32,1148.13,1152.27,"BART","Soil water and salinity","rawVSIC3","Soil Plot 5, depth 1"
"NEON.D01.BART.DP0.00094.001.02089.005.501.000",47.65,47.71,48.03,"BART","Soil water and salinity","rawVSWC4","Soil Plot 5, depth 1"
"NEON.D01.BART.DP0.00094.001.02090.005.501.000",976.44,978.96,980.74,"BART","Soil water and salinity","rawVSIC4","Soil Plot 5, depth 1"
"NEON.D01.BART.DP0.00094.001.02091.005.501.000",72.7,72.8,72.85,"BART","Soil water and salinity","rawVSWC5","Soil Plot 5, depth 1"
"NEON.D01.BART.DP0.00094.001.02092.005.501.000",1109.69,1111.94,1115.52,"BART","Soil water and salinity","rawVSIC5","Soil Plot 5, depth 1"
"NEON.D01.BART.DP0.00094.001.02093.005.501.000",55.43,55.46,55.7,"BART","Soil water and salinity","rawVSWC6","Soil Plot 5, depth 1"
"NEON.D01.BART.DP0.00094.001.02094.005.501.000",1117.17,1119.3,1122.28,"BART","Soil water and salinity","rawVSIC6","Soil Plot 5, depth 1"
"NEON.D01.BART.DP0.00094.001.02095.005.501.000",54.95,54.98,55,"BART","Soil water and salinity","rawVSWC7","Soil Plot 5, depth 1"
"NEON.D01.BART.DP0.00094.001.02096.005.501.000",1133.9,1136.33,1139.81,"BART","Soil water and salinity","rawVSIC7","Soil Plot 5, depth 1"
"NEON.D01.BART.DP0.00095.001.01729.001.501.000",6742.7,7071.03,7619.8,"BART","Soil CO2 concentration","rawCO2","Soil Plot 1, depth 1"
"NEON.D01.BART.DP0.00095.001.01730.001.501.000",6.1,7.99,10.1,"BART","Soil CO2 concentration","headspaceTemp","Soil Plot 1, depth 1"
"NEON.D01.BART.DP0.00095.001.01731.001.501.000",0,0,0,"BART","Soil CO2 concentration","errorStatus","Soil Plot 1, depth 1"
"NEON.D01.BART.DP0.00095.001.01729.001.502.000",3489.3,3680.72,4081,"BART","Soil CO2 concentration","rawCO2","Soil Plot 1, depth 2"
"NEON.D01.BART.DP0.00095.001.01730.001.502.000",6.2,8.39,10.9,"BART","Soil CO2 concentration","headspaceTemp","Soil Plot 1, depth 2"
"NEON.D01.BART.DP0.00095.001.01731.001.502.000",0,0,0,"BART","Soil CO2 concentration","errorStatus","Soil Plot 1, depth 2"
"NEON.D01.BART.DP0.00095.001.01729.001.503.000",6318.7,7006.45,7330.7,"BART","Soil CO2 concentration","rawCO2","Soil Plot 1, depth 3"
"NEON.D01.BART.DP0.00095.001.01730.001.503.000",7.2,9.03,11.1,"BART","Soil CO2 concentration","headspaceTemp","Soil Plot 1, depth 3"
"NEON.D01.BART.DP0.00095.001.01731.001.503.000",0,0,0,"BART","Soil CO2 concentration","errorStatus","Soil Plot 1, depth 3"
"NEON.D01.BART.DP0.00095.001.01729.002.501.000",1124,1198.17,1318.4,"BART","Soil CO2 concentration","rawCO2","Soil Plot 2, depth 1"
"NEON.D01.BART.DP0.00095.001.01730.002.501.000",3.5,6.77,10,"BART","Soil CO2 concentration","headspaceTemp","Soil Plot 2, depth 1"
"NEON.D01.BART.DP0.00095.001.01731.002.501.000",0,0,0,"BART","Soil CO2 concentration","errorStatus","Soil Plot 2, depth 1"
"NEON.D01.BART.DP0.00095.001.01729.002.502.000",1364.8,1472.66,1577.2,"BART","Soil CO2 concentration","rawCO2","Soil Plot 2, depth 2"
"NEON.D01.BART.DP0.00095.001.01730.002.502.000",3.7,6.8,9.7,"BART","Soil CO2 concentration","headspaceTemp","Soil Plot 2, depth 2"
"NEON.D01.BART.DP0.00095.001.01731.002.502.000",0,0,0,"BART","Soil CO2 concentration","errorStatus","Soil Plot 2, depth 2"
"NEON.D01.BART.DP0.00095.001.01729.002.503.000",1928.6,2149.77,2371.2,"BART","Soil CO2 concentration","rawCO2","Soil Plot 2, depth 3"
"NEON.D01.BART.DP0.00095.001.01730.002.503.000",5.8,8.19,10.5,"BART","Soil CO2 concentration","headspaceTemp","Soil Plot 2, depth 3"
"NEON.D01.BART.DP0.00095.001.01731.002.503.000",0,0,0,"BART","Soil CO2 concentration","errorStatus","Soil Plot 2, depth 3"
"NEON.D01.BART.DP0.00095.001.01729.003.501.000",986.4,1160.46,1327.9,"BART","Soil CO2 concentration","rawCO2","Soil Plot 3, depth 1"
"NEON.D01.BART.DP0.00095.001.01730.003.501.000",4.4,7.5,10.4,"BART","Soil CO2 concentration","headspaceTemp","Soil Plot 3, depth 1"
"NEON.D01.BART.DP0.00095.001.01731.003.501.000",0,0,0,"BART","Soil CO2 concentration","errorStatus","Soil Plot 3, depth 1"
"NEON.D01.BART.DP0.00095.001.01729.003.502.000",2283.1,2425.17,2671.9,"BART","Soil CO2 concentration","rawCO2","Soil Plot 3, depth 2"
"NEON.D01.BART.DP0.00095.001.01730.003.502.000",5.3,8.06,10.6,"BART","Soil CO2 concentration","headspaceTemp","Soil Plot 3, depth 2"
"NEON.D01.BART.DP0.00095.001.01731.003.502.000",0,0,0,"BART","Soil CO2 concentration","errorStatus","Soil Plot 3, depth 2"
"NEON.D01.BART.DP0.00095.001.01729.003.503.000",-8370374660,-830562435.05,17240.6,"BART","Soil CO2 concentration","rawCO2","Soil Plot 3, depth 3"
"NEON.D01.BART.DP0.00095.001.01730.003.503.000",8.6,9.82,11,"BART","Soil CO2 concentration","headspaceTemp","Soil Plot 3, depth 3"
"NEON.D01.BART.DP0.00095.001.01731.003.503.000",0,0,0,"BART","Soil CO2 concentration","errorStatus","Soil Plot 3, depth 3"
"NEON.D01.BART.DP0.00095.001.01729.004.501.000",858.5,998.85,1130.2,"BART","Soil CO2 concentration","rawCO2","Soil Plot 4, depth 1"
"NEON.D01.BART.DP0.00095.001.01730.004.501.000",3.2,6.65,9.7,"BART","Soil CO2 concentration","headspaceTemp","Soil Plot 4, depth 1"
"NEON.D01.BART.DP0.00095.001.01731.004.501.000",0,0,0,"BART","Soil CO2 concentration","errorStatus","Soil Plot 4, depth 1"
"NEON.D01.BART.DP0.00095.001.01729.004.502.000",1478.1,1644.6,1806.7,"BART","Soil CO2 concentration","rawCO2","Soil Plot 4, depth 2"
"NEON.D01.BART.DP0.00095.001.01730.004.502.000",4.1,7.2,9.9,"BART","Soil CO2 concentration","headspaceTemp","Soil Plot 4, depth 2"
"NEON.D01.BART.DP0.00095.001.01731.004.502.000",0,0,0,"BART","Soil CO2 concentration","errorStatus","Soil Plot 4, depth 2"
"NEON.D01.BART.DP0.00095.001.01729.004.503.000",1299.4,1624.04,1952.6,"BART","Soil CO2 concentration","rawCO2","Soil Plot 4, depth 3"
"NEON.D01.BART.DP0.00095.001.01730.004.503.000",4,7.11,9.7,"BART","Soil CO2 concentration","headspaceTemp","Soil Plot 4, depth 3"
"NEON.D01.BART.DP0.00095.001.01731.004.503.000",0,0,0,"BART","Soil CO2 concentration","errorStatus","Soil Plot 4, depth 3"
"NEON.D01.BART.DP0.00095.001.01729.005.501.000",1898.6,2227.51,3150.8,"BART","Soil CO2 concentration","rawCO2","Soil Plot 5, depth 1"
"NEON.D01.BART.DP0.00095.001.01730.005.501.000",4.2,6.99,9.6,"BART","Soil CO2 concentration","headspaceTemp","Soil Plot 5, depth 1"
"NEON.D01.BART.DP0.00095.001.01731.005.501.000",0,0,0,"BART","Soil CO2 concentration","errorStatus","Soil Plot 5, depth 1"
"NEON.D01.BART.DP0.00095.001.01729.005.502.000",2142.4,2467.27,3075.6,"BART","Soil CO2 concentration","rawCO2","Soil Plot 5, depth 2"
"NEON.D01.BART.DP0.00095.001.01730.005.502.000",5.4,7.8,10,"BART","Soil CO2 concentration","headspaceTemp","Soil Plot 5, depth 2"
"NEON.D01.BART.DP0.00095.001.01731.005.502.000",0,0,0,"BART","Soil CO2 concentration","errorStatus","Soil Plot 5, depth 2"
"NEON.D01.BART.DP0.00095.001.01729.005.503.000",3971.5,4212.88,4522.7,"BART","Soil CO2 concentration","rawCO2","Soil Plot 5, depth 3"
"NEON.D01.BART.DP0.00095.001.01730.005.503.000",8.1,9.62,11.3,"BART","Soil CO2 concentration","headspaceTemp","Soil Plot 5, depth 3"
"NEON.D01.BART.DP0.00095.001.01731.005.503.000",0,0,0,"BART","Soil CO2 concentration","errorStatus","Soil Plot 5, depth 3"
"NEON.D01.BART.DP0.00098.001.01309.003.000.000",-1.32,3.22,7.67,"BART","Relative Humidity","sensorTemp","Soil Plot 3"
"NEON.D01.BART.DP0.00098.001.01357.003.000.000",41.9,64.08,83.03,"BART","Relative Humidity","RH","Soil Plot 3"
"NEON.D01.BART.DP0.00098.001.01358.003.000.000",-5.05,-2.79,1.35,"BART","Relative Humidity","dewPoint","Soil Plot 3"
"NEON.D01.BART.DP0.00098.001.01359.003.000.000",0,0,0,"BART","Relative Humidity","RHStatus","Soil Plot 3"
"NEON.D01.BART.DP0.00098.001.01309.000.060.000",-1.18,3.44,7.75,"BART","Relative Humidity","sensorTemp","Meas. Level 6"
"NEON.D01.BART.DP0.00098.001.01357.000.060.000",38.63,53.91,70.64,"BART","Relative Humidity","RH","Meas. Level 6"
"NEON.D01.BART.DP0.00098.001.01358.000.060.000",-6.55,-4.6,-0.53,"BART","Relative Humidity","dewPoint","Meas. Level 6"
"NEON.D01.BART.DP0.00098.001.01359.000.060.000",0,0,0,"BART","Relative Humidity","RHStatus","Meas. Level 6"
"NEON.D01.BART.DP0.00112.001.02351.700.010.000",2.6,3.62,4.49,"BART","ECSE profile sampling pump","pumpVoltage","Hut, ML-1"
"NEON.D01.BART.DP0.00112.001.02351.700.020.000",3.33,4.46,4.5,"BART","ECSE profile sampling pump","pumpVoltage","Hut, ML-2"
"NEON.D01.BART.DP0.00112.001.02351.700.030.000",2.1,3.55,3.79,"BART","ECSE profile sampling pump","pumpVoltage","Hut, ML-3"
"NEON.D01.BART.DP0.00112.001.02351.700.040.000",2.98,3.57,3.82,"BART","ECSE profile sampling pump","pumpVoltage","Hut, ML-4"
"NEON.D01.BART.DP0.00112.001.02351.700.050.000",3.41,4.03,4.09,"BART","ECSE profile sampling pump","pumpVoltage","Hut, ML-5"
"NEON.D01.BART.DP0.00112.001.02351.700.060.000",3.03,3.5,3.75,"BART","ECSE profile sampling pump","pumpVoltage","Hut, ML-6"
"NEON.D01.BART.DP0.00109.001.02196.000.010.000",44.08,44.14,88.15,"BART","ECSE profile inlet pressure","presGage","Meas. Level 1"
"NEON.D01.BART.DP0.00109.001.02196.000.020.000",43.85,44.14,79.1,"BART","ECSE profile inlet pressure","presGage","Meas. Level 2"
"NEON.D01.BART.DP0.00109.001.02196.000.030.000",44.04,44.15,71.7,"BART","ECSE profile inlet pressure","presGage","Meas. Level 3"
"NEON.D01.BART.DP0.00109.001.02196.000.040.000",43.99,44.15,71.61,"BART","ECSE profile inlet pressure","presGage","Meas. Level 4"
"NEON.D01.BART.DP0.00109.001.02196.000.050.000",35.13,44.14,46.29,"BART","ECSE profile inlet pressure","presGage","Meas. Level 5"
"NEON.D01.BART.DP0.00109.001.02196.000.060.000",44.08,44.14,74.82,"BART","ECSE profile inlet pressure","presGage","Meas. Level 6"
"NEON.D01.BART.DP0.00108.001.01951.700.010.000",0.2,9.25,20.62,"BART","ECSE profile mass flow meter","frt0","Hut, ML-1"
"NEON.D01.BART.DP0.00108.001.01951.700.020.000",4.9,9.2,18.76,"BART","ECSE profile mass flow meter","frt0","Hut, ML-2"
"NEON.D01.BART.DP0.00108.001.01951.700.030.000",0.35,9.01,15.5,"BART","ECSE profile mass flow meter","frt0","Hut, ML-3"
"NEON.D01.BART.DP0.00108.001.01951.700.040.000",7.6,9.37,16.43,"BART","ECSE profile mass flow meter","frt0","Hut, ML-4"
"NEON.D01.BART.DP0.00108.001.01951.700.050.000",3.02,9.1,9.91,"BART","ECSE profile mass flow meter","frt0","Hut, ML-5"
"NEON.D01.BART.DP0.00108.001.01951.700.060.000",0.29,9.1,21.24,"BART","ECSE profile mass flow meter","frt0","Hut, ML-6"
"NEON.D01.BART.DP0.00108.001.01948.700.010.000",39.9,40.03,87.1,"BART","ECSE profile mass flow meter","presAtm","Hut, ML-1"
"NEON.D01.BART.DP0.00108.001.01948.700.020.000",39.3,39.66,70.6,"BART","ECSE profile mass flow meter","presAtm","Hut, ML-2"
"NEON.D01.BART.DP0.00108.001.01948.700.030.000",39,39.27,65.1,"BART","ECSE profile mass flow meter","presAtm","Hut, ML-3"
"NEON.D01.BART.DP0.00108.001.01948.700.040.000",39.1,39.37,63.5,"BART","ECSE profile mass flow meter","presAtm","Hut, ML-4"
"NEON.D01.BART.DP0.00108.001.01948.700.050.000",27.4,38.24,41.5,"BART","ECSE profile mass flow meter","presAtm","Hut, ML-5"
"NEON.D01.BART.DP0.00108.001.01948.700.060.000",38.2,38.53,73.1,"BART","ECSE profile mass flow meter","presAtm","Hut, ML-6"
"NEON.D01.BART.DP0.00104.001.02344.700.000.000",25.4,26.79,27.4,"BART","Hut environment","tempHut","Hut"
"NEON.D01.BART.DP0.00104.001.02347.700.000.000",2.8,3.19,3.7,"BART","Hut environment","H2OMixRatioHut","Hut"
"NEON.D01.BART.DP0.00013.001.01818.000.060.000",4.92,7.32,11.14,"BART","Wet deposition","chamberTemperature","Meas. Level 6"
"NEON.D01.BART.DP0.00002.001.01319.000.010.000",NA,NA,NA,"BART","Single Aspirated Air Temperature","heaterFlag","Meas. Level 1"
"NEON.D01.BART.DP0.00002.001.01319.000.020.000",NA,NA,NA,"BART","Single Aspirated Air Temperature","heaterFlag","Meas. Level 2"
"NEON.D01.BART.DP0.00002.001.01319.000.030.000",NA,NA,NA,"BART","Single Aspirated Air Temperature","heaterFlag","Meas. Level 3"
"NEON.D01.BART.DP0.00002.001.01319.000.040.000",NA,NA,NA,"BART","Single Aspirated Air Temperature","heaterFlag","Meas. Level 4"
"NEON.D01.BART.DP0.00002.001.01319.000.050.000",NA,NA,NA,"BART","Single Aspirated Air Temperature","heaterFlag","Meas. Level 5"
"NEON.D01.BART.DP0.00003.001.01319.000.060.000",NA,NA,NA,"BART","Triple Aspirated Air Temperature","heaterFlag","Meas. Level 6"
"NEON.D01.BART.DP0.00006.001.01897.001.000.000",NA,NA,NA,"BART","Precipitation","strainGauge1Stability","Soil Plot 1"
"NEON.D01.BART.DP0.00006.001.01898.001.000.000",NA,NA,NA,"BART","Precipitation","strainGauge1Temp","Soil Plot 1"
"NEON.D01.BART.DP0.00006.001.01900.001.000.000",NA,NA,NA,"BART","Precipitation","strainGauge1FreqRaw","Soil Plot 1"
"NEON.D01.BART.DP0.00006.001.01901.001.000.000",NA,NA,NA,"BART","Precipitation","strainGauge1Weight","Soil Plot 1"
"NEON.D01.BART.DP0.00006.001.01903.001.000.000",NA,NA,NA,"BART","Precipitation","totalGaugeWeight","Soil Plot 1"
"NEON.D01.BART.DP0.00006.001.01904.001.000.000",NA,NA,NA,"BART","Precipitation","totalPrecipDepth","Soil Plot 1"
"NEON.D01.BART.DP0.00006.001.01905.001.000.000",NA,NA,NA,"BART","Precipitation","inletTemp","Soil Plot 1"
"NEON.D01.BART.DP0.00006.001.01906.001.000.000",NA,NA,NA,"BART","Precipitation","internalTemp","Soil Plot 1"
"NEON.D01.BART.DP0.00006.001.01907.001.000.000",NA,NA,NA,"BART","Precipitation","precipAccumulationRate","Soil Plot 1"
"NEON.D01.BART.DP0.00006.001.01999.001.000.000",NA,NA,NA,"BART","Precipitation","strainGauge1FreqComp","Soil Plot 1"
"NEON.D01.BART.DP0.00006.001.02000.001.000.000",NA,NA,NA,"BART","Precipitation","orificeHeaterFlag","Soil Plot 1"
"NEON.D01.BART.DP0.00006.001.02068.001.000.000",NA,NA,NA,"BART","Precipitation","strainGauge2Stability","Soil Plot 1"
"NEON.D01.BART.DP0.00006.001.02069.001.000.000",NA,NA,NA,"BART","Precipitation","strainGauge3Stability","Soil Plot 1"
"NEON.D01.BART.DP0.00006.001.02070.001.000.000",NA,NA,NA,"BART","Precipitation","strainGauge2Temp","Soil Plot 1"
"NEON.D01.BART.DP0.00006.001.02071.001.000.000",NA,NA,NA,"BART","Precipitation","strainGauge3Temp","Soil Plot 1"
"NEON.D01.BART.DP0.00006.001.02072.001.000.000",NA,NA,NA,"BART","Precipitation","strainGauge2FreqRaw","Soil Plot 1"
"NEON.D01.BART.DP0.00006.001.02073.001.000.000",NA,NA,NA,"BART","Precipitation","strainGauge3FreqRaw","Soil Plot 1"
"NEON.D01.BART.DP0.00006.001.02074.001.000.000",NA,NA,NA,"BART","Precipitation","strainGauge2Weight","Soil Plot 1"
"NEON.D01.BART.DP0.00006.001.02075.001.000.000",NA,NA,NA,"BART","Precipitation","strainGauge3Weight","Soil Plot 1"
"NEON.D01.BART.DP0.00006.001.02076.001.000.000",NA,NA,NA,"BART","Precipitation","strainGauge2FreqComp","Soil Plot 1"
"NEON.D01.BART.DP0.00006.001.02077.001.000.000",NA,NA,NA,"BART","Precipitation","strainGauge3FreqComp","Soil Plot 1"
"NEON.D01.BART.DP0.00006.001.02080.001.000.000",NA,NA,NA,"BART","Precipitation","heaterMonitor","Soil Plot 1"
"NEON.D01.BART.DP0.00006.001.01897.002.000.000",NA,NA,NA,"BART","Precipitation","strainGauge1Stability","Soil Plot 2"
"NEON.D01.BART.DP0.00006.001.01898.002.000.000",NA,NA,NA,"BART","Precipitation","strainGauge1Temp","Soil Plot 2"
"NEON.D01.BART.DP0.00006.001.01900.002.000.000",NA,NA,NA,"BART","Precipitation","strainGauge1FreqRaw","Soil Plot 2"
"NEON.D01.BART.DP0.00006.001.01901.002.000.000",NA,NA,NA,"BART","Precipitation","strainGauge1Weight","Soil Plot 2"
"NEON.D01.BART.DP0.00006.001.01903.002.000.000",NA,NA,NA,"BART","Precipitation","totalGaugeWeight","Soil Plot 2"
"NEON.D01.BART.DP0.00006.001.01904.002.000.000",NA,NA,NA,"BART","Precipitation","totalPrecipDepth","Soil Plot 2"
"NEON.D01.BART.DP0.00006.001.01905.002.000.000",NA,NA,NA,"BART","Precipitation","inletTemp","Soil Plot 2"
"NEON.D01.BART.DP0.00006.001.01906.002.000.000",NA,NA,NA,"BART","Precipitation","internalTemp","Soil Plot 2"
"NEON.D01.BART.DP0.00006.001.01907.002.000.000",NA,NA,NA,"BART","Precipitation","precipAccumulationRate","Soil Plot 2"
"NEON.D01.BART.DP0.00006.001.01999.002.000.000",NA,NA,NA,"BART","Precipitation","strainGauge1FreqComp","Soil Plot 2"
"NEON.D01.BART.DP0.00006.001.02000.002.000.000",NA,NA,NA,"BART","Precipitation","orificeHeaterFlag","Soil Plot 2"
"NEON.D01.BART.DP0.00006.001.02068.002.000.000",NA,NA,NA,"BART","Precipitation","strainGauge2Stability","Soil Plot 2"
"NEON.D01.BART.DP0.00006.001.02069.002.000.000",NA,NA,NA,"BART","Precipitation","strainGauge3Stability","Soil Plot 2"
"NEON.D01.BART.DP0.00006.001.02070.002.000.000",NA,NA,NA,"BART","Precipitation","strainGauge2Temp","Soil Plot 2"
"NEON.D01.BART.DP0.00006.001.02071.002.000.000",NA,NA,NA,"BART","Precipitation","strainGauge3Temp","Soil Plot 2"
"NEON.D01.BART.DP0.00006.001.02072.002.000.000",NA,NA,NA,"BART","Precipitation","strainGauge2FreqRaw","Soil Plot 2"
"NEON.D01.BART.DP0.00006.001.02073.002.000.000",NA,NA,NA,"BART","Precipitation","strainGauge3FreqRaw","Soil Plot 2"
"NEON.D01.BART.DP0.00006.001.02074.002.000.000",NA,NA,NA,"BART","Precipitation","strainGauge2Weight","Soil Plot 2"
"NEON.D01.BART.DP0.00006.001.02075.002.000.000",NA,NA,NA,"BART","Precipitation","strainGauge3Weight","Soil Plot 2"
"NEON.D01.BART.DP0.00006.001.02076.002.000.000",NA,NA,NA,"BART","Precipitation","strainGauge2FreqComp","Soil Plot 2"
"NEON.D01.BART.DP0.00006.001.02077.002.000.000",NA,NA,NA,"BART","Precipitation","strainGauge3FreqComp","Soil Plot 2"
"NEON.D01.BART.DP0.00006.001.02080.002.000.000",NA,NA,NA,"BART","Precipitation","heaterMonitor","Soil Plot 2"
"NEON.D01.BART.DP0.00006.001.01897.004.000.000",NA,NA,NA,"BART","Precipitation","strainGauge1Stability","Soil Plot 4"
"NEON.D01.BART.DP0.00006.001.01898.004.000.000",NA,NA,NA,"BART","Precipitation","strainGauge1Temp","Soil Plot 4"
"NEON.D01.BART.DP0.00006.001.01900.004.000.000",NA,NA,NA,"BART","Precipitation","strainGauge1FreqRaw","Soil Plot 4"
"NEON.D01.BART.DP0.00006.001.01901.004.000.000",NA,NA,NA,"BART","Precipitation","strainGauge1Weight","Soil Plot 4"
"NEON.D01.BART.DP0.00006.001.01903.004.000.000",NA,NA,NA,"BART","Precipitation","totalGaugeWeight","Soil Plot 4"
"NEON.D01.BART.DP0.00006.001.01904.004.000.000",NA,NA,NA,"BART","Precipitation","totalPrecipDepth","Soil Plot 4"
"NEON.D01.BART.DP0.00006.001.01905.004.000.000",NA,NA,NA,"BART","Precipitation","inletTemp","Soil Plot 4"
"NEON.D01.BART.DP0.00006.001.01906.004.000.000",NA,NA,NA,"BART","Precipitation","internalTemp","Soil Plot 4"
"NEON.D01.BART.DP0.00006.001.01907.004.000.000",NA,NA,NA,"BART","Precipitation","precipAccumulationRate","Soil Plot 4"
"NEON.D01.BART.DP0.00006.001.01999.004.000.000",NA,NA,NA,"BART","Precipitation","strainGauge1FreqComp","Soil Plot 4"
"NEON.D01.BART.DP0.00006.001.02000.004.000.000",NA,NA,NA,"BART","Precipitation","orificeHeaterFlag","Soil Plot 4"
"NEON.D01.BART.DP0.00006.001.02068.004.000.000",NA,NA,NA,"BART","Precipitation","strainGauge2Stability","Soil Plot 4"
"NEON.D01.BART.DP0.00006.001.02069.004.000.000",NA,NA,NA,"BART","Precipitation","strainGauge3Stability","Soil Plot 4"
"NEON.D01.BART.DP0.00006.001.02070.004.000.000",NA,NA,NA,"BART","Precipitation","strainGauge2Temp","Soil Plot 4"
"NEON.D01.BART.DP0.00006.001.02071.004.000.000",NA,NA,NA,"BART","Precipitation","strainGauge3Temp","Soil Plot 4"
"NEON.D01.BART.DP0.00006.001.02072.004.000.000",NA,NA,NA,"BART","Precipitation","strainGauge2FreqRaw","Soil Plot 4"
"NEON.D01.BART.DP0.00006.001.02073.004.000.000",NA,NA,NA,"BART","Precipitation","strainGauge3FreqRaw","Soil Plot 4"
"NEON.D01.BART.DP0.00006.001.02074.004.000.000",NA,NA,NA,"BART","Precipitation","strainGauge2Weight","Soil Plot 4"
"NEON.D01.BART.DP0.00006.001.02075.004.000.000",NA,NA,NA,"BART","Precipitation","strainGauge3Weight","Soil Plot 4"
"NEON.D01.BART.DP0.00006.001.02076.004.000.000",NA,NA,NA,"BART","Precipitation","strainGauge2FreqComp","Soil Plot 4"
"NEON.D01.BART.DP0.00006.001.02077.004.000.000",NA,NA,NA,"BART","Precipitation","strainGauge3FreqComp","Soil Plot 4"
"NEON.D01.BART.DP0.00006.001.02080.004.000.000",NA,NA,NA,"BART","Precipitation","heaterMonitor","Soil Plot 4"
"NEON.D01.BART.DP0.00006.001.01897.005.000.000",NA,NA,NA,"BART","Precipitation","strainGauge1Stability","Soil Plot 5"
"NEON.D01.BART.DP0.00006.001.01898.005.000.000",NA,NA,NA,"BART","Precipitation","strainGauge1Temp","Soil Plot 5"
"NEON.D01.BART.DP0.00006.001.01900.005.000.000",NA,NA,NA,"BART","Precipitation","strainGauge1FreqRaw","Soil Plot 5"
"NEON.D01.BART.DP0.00006.001.01901.005.000.000",NA,NA,NA,"BART","Precipitation","strainGauge1Weight","Soil Plot 5"
"NEON.D01.BART.DP0.00006.001.01903.005.000.000",NA,NA,NA,"BART","Precipitation","totalGaugeWeight","Soil Plot 5"
"NEON.D01.BART.DP0.00006.001.01904.005.000.000",NA,NA,NA,"BART","Precipitation","totalPrecipDepth","Soil Plot 5"
"NEON.D01.BART.DP0.00006.001.01905.005.000.000",NA,NA,NA,"BART","Precipitation","inletTemp","Soil Plot 5"
"NEON.D01.BART.DP0.00006.001.01906.005.000.000",NA,NA,NA,"BART","Precipitation","internalTemp","Soil Plot 5"
"NEON.D01.BART.DP0.00006.001.01907.005.000.000",NA,NA,NA,"BART","Precipitation","precipAccumulationRate","Soil Plot 5"
"NEON.D01.BART.DP0.00006.001.01999.005.000.000",NA,NA,NA,"BART","Precipitation","strainGauge1FreqComp","Soil Plot 5"
"NEON.D01.BART.DP0.00006.001.02000.005.000.000",NA,NA,NA,"BART","Precipitation","orificeHeaterFlag","Soil Plot 5"
"NEON.D01.BART.DP0.00006.001.02068.005.000.000",NA,NA,NA,"BART","Precipitation","strainGauge2Stability","Soil Plot 5"
"NEON.D01.BART.DP0.00006.001.02069.005.000.000",NA,NA,NA,"BART","Precipitation","strainGauge3Stability","Soil Plot 5"
"NEON.D01.BART.DP0.00006.001.02070.005.000.000",NA,NA,NA,"BART","Precipitation","strainGauge2Temp","Soil Plot 5"
"NEON.D01.BART.DP0.00006.001.02071.005.000.000",NA,NA,NA,"BART","Precipitation","strainGauge3Temp","Soil Plot 5"
"NEON.D01.BART.DP0.00006.001.02072.005.000.000",NA,NA,NA,"BART","Precipitation","strainGauge2FreqRaw","Soil Plot 5"
"NEON.D01.BART.DP0.00006.001.02073.005.000.000",NA,NA,NA,"BART","Precipitation","strainGauge3FreqRaw","Soil Plot 5"
"NEON.D01.BART.DP0.00006.001.02074.005.000.000",NA,NA,NA,"BART","Precipitation","strainGauge2Weight","Soil Plot 5"
"NEON.D01.BART.DP0.00006.001.02075.005.000.000",NA,NA,NA,"BART","Precipitation","strainGauge3Weight","Soil Plot 5"
"NEON.D01.BART.DP0.00006.001.02076.005.000.000",NA,NA,NA,"BART","Precipitation","strainGauge2FreqComp","Soil Plot 5"
"NEON.D01.BART.DP0.00006.001.02077.005.000.000",NA,NA,NA,"BART","Precipitation","strainGauge3FreqComp","Soil Plot 5"
"NEON.D01.BART.DP0.00006.001.02080.005.000.000",NA,NA,NA,"BART","Precipitation","heaterMonitor","Soil Plot 5"
"NEON.D01.BART.DP0.00006.001.01897.000.060.000",NA,NA,NA,"BART","Precipitation","strainGauge1Stability","Meas. Level 6"
"NEON.D01.BART.DP0.00006.001.01898.000.060.000",NA,NA,NA,"BART","Precipitation","strainGauge1Temp","Meas. Level 6"
"NEON.D01.BART.DP0.00006.001.01900.000.060.000",NA,NA,NA,"BART","Precipitation","strainGauge1FreqRaw","Meas. Level 6"
"NEON.D01.BART.DP0.00006.001.01901.000.060.000",NA,NA,NA,"BART","Precipitation","strainGauge1Weight","Meas. Level 6"
"NEON.D01.BART.DP0.00006.001.01903.000.060.000",NA,NA,NA,"BART","Precipitation","totalGaugeWeight","Meas. Level 6"
"NEON.D01.BART.DP0.00006.001.01904.000.060.000",NA,NA,NA,"BART","Precipitation","totalPrecipDepth","Meas. Level 6"
"NEON.D01.BART.DP0.00006.001.01905.000.060.000",NA,NA,NA,"BART","Precipitation","inletTemp","Meas. Level 6"
"NEON.D01.BART.DP0.00006.001.01906.000.060.000",NA,NA,NA,"BART","Precipitation","internalTemp","Meas. Level 6"
"NEON.D01.BART.DP0.00006.001.01907.000.060.000",NA,NA,NA,"BART","Precipitation","precipAccumulationRate","Meas. Level 6"
"NEON.D01.BART.DP0.00006.001.01999.000.060.000",NA,NA,NA,"BART","Precipitation","strainGauge1FreqComp","Meas. Level 6"
"NEON.D01.BART.DP0.00006.001.02000.000.060.000",NA,NA,NA,"BART","Precipitation","orificeHeaterFlag","Meas. Level 6"
"NEON.D01.BART.DP0.00006.001.02068.000.060.000",NA,NA,NA,"BART","Precipitation","strainGauge2Stability","Meas. Level 6"
"NEON.D01.BART.DP0.00006.001.02069.000.060.000",NA,NA,NA,"BART","Precipitation","strainGauge3Stability","Meas. Level 6"
"NEON.D01.BART.DP0.00006.001.02070.000.060.000",NA,NA,NA,"BART","Precipitation","strainGauge2Temp","Meas. Level 6"
"NEON.D01.BART.DP0.00006.001.02071.000.060.000",NA,NA,NA,"BART","Precipitation","strainGauge3Temp","Meas. Level 6"
"NEON.D01.BART.DP0.00006.001.02072.000.060.000",NA,NA,NA,"BART","Precipitation","strainGauge2FreqRaw","Meas. Level 6"
"NEON.D01.BART.DP0.00006.001.02073.000.060.000",NA,NA,NA,"BART","Precipitation","strainGauge3FreqRaw","Meas. Level 6"
"NEON.D01.BART.DP0.00006.001.02074.000.060.000",NA,NA,NA,"BART","Precipitation","strainGauge2Weight","Meas. Level 6"
"NEON.D01.BART.DP0.00006.001.02075.000.060.000",NA,NA,NA,"BART","Precipitation","strainGauge3Weight","Meas. Level 6"
"NEON.D01.BART.DP0.00006.001.02076.000.060.000",NA,NA,NA,"BART","Precipitation","strainGauge2FreqComp","Meas. Level 6"
"NEON.D01.BART.DP0.00006.001.02077.000.060.000",NA,NA,NA,"BART","Precipitation","strainGauge3FreqComp","Meas. Level 6"
"NEON.D01.BART.DP0.00023.001.01315.003.000.000",NA,NA,NA,"BART","Shortwave/Longwave Net Radiation","inNetRadPyranometer","Soil Plot 3"
"NEON.D01.BART.DP0.00023.001.01316.003.000.000",NA,NA,NA,"BART","Shortwave/Longwave Net Radiation","outNetRadPyranometer","Soil Plot 3"
"NEON.D01.BART.DP0.00023.001.01319.003.000.000",NA,NA,NA,"BART","Shortwave/Longwave Net Radiation","heaterFlag","Soil Plot 3"
"NEON.D01.BART.DP0.00024.001.01321.000.010.000",NA,NA,NA,"BART","Photosynthetically Active Radiation","outPAR","Meas. Level 1"
"NEON.D01.BART.DP0.00024.001.01321.000.020.000",NA,NA,NA,"BART","Photosynthetically Active Radiation","outPAR","Meas. Level 2"
"NEON.D01.BART.DP0.00024.001.01321.000.030.000",NA,NA,NA,"BART","Photosynthetically Active Radiation","outPAR","Meas. Level 3"
"NEON.D01.BART.DP0.00024.001.01321.000.040.000",NA,NA,NA,"BART","Photosynthetically Active Radiation","outPAR","Meas. Level 4"
"NEON.D01.BART.DP0.00024.001.01321.000.050.000",NA,NA,NA,"BART","Photosynthetically Active Radiation","outPAR","Meas. Level 5"
"NEON.D01.BART.DP0.00105.001.02316.700.000.000",NA,NA,NA,"BART","ECSE profile CO2 & H2O concentration (storage)","fwMoleCO2","Hut"
"NEON.D01.BART.DP0.00106.001.01951.700.000.000",NA,NA,NA,"BART","ECSE profile mass flow controller (sampling)","frt0","Hut"
"NEON.D01.BART.DP0.00112.001.02351.700.000.000",NA,NA,NA,"BART","ECSE profile sampling pump","pumpVoltage","Hut"
"NEON.D01.BART.DP0.00105.001.02348.700.000.000",NA,NA,NA,"BART","ECSE profile CO2 & H2O concentration (storage)","fwMoleH2O","Hut"
"NEON.D01.BART.DP0.00102.001.02316.700.000.000",NA,NA,NA,"BART","Atmospheric CO2 Isotope","fwMoleCO2","Hut"
"NEON.D01.BART.DP0.00102.001.02325.700.000.000",NA,NA,NA,"BART","Atmospheric CO2 Isotope","percentFwMoleH2O","Hut"
"NEON.D01.BART.DP0.00102.001.02324.700.000.000",NA,NA,NA,"BART","Atmospheric CO2 Isotope","d13CO2","Hut"
