"streams","stndErr","site","dp.name","term.name","location"
"NEON.D15.ONAQ.DP0.00001.001.01306.000.010.000",1.273,"ONAQ","2D Wind Speed and Direction","uVectorComponent","Meas. Level 1"
"NEON.D15.ONAQ.DP0.00001.001.01306.000.020.000",16.211,"ONAQ","2D Wind Speed and Direction","uVectorComponent","Meas. Level 2"
"NEON.D15.ONAQ.DP0.00001.001.01306.000.030.000",64.087,"ONAQ","2D Wind Speed and Direction","uVectorComponent","Meas. Level 3"
"NEON.D15.ONAQ.DP0.00001.001.01307.000.010.000",-1.089,"ONAQ","2D Wind Speed and Direction","vVectorComponent","Meas. Level 1"
"NEON.D15.ONAQ.DP0.00001.001.01307.000.020.000",-0.866,"ONAQ","2D Wind Speed and Direction","vVectorComponent","Meas. Level 2"
"NEON.D15.ONAQ.DP0.00001.001.01307.000.030.000",-0.83,"ONAQ","2D Wind Speed and Direction","vVectorComponent","Meas. Level 3"
"NEON.D15.ONAQ.DP0.00001.001.01308.000.010.000",0.015,"ONAQ","2D Wind Speed and Direction","soundSpeed","Meas. Level 1"
"NEON.D15.ONAQ.DP0.00001.001.01308.000.020.000",0.011,"ONAQ","2D Wind Speed and Direction","soundSpeed","Meas. Level 2"
"NEON.D15.ONAQ.DP0.00001.001.01308.000.030.000",0.008,"ONAQ","2D Wind Speed and Direction","soundSpeed","Meas. Level 3"
"NEON.D15.ONAQ.DP0.00001.001.01309.000.010.000",0.353,"ONAQ","2D Wind Speed and Direction","sensorTemp","Meas. Level 1"
"NEON.D15.ONAQ.DP0.00001.001.01309.000.020.000",0.276,"ONAQ","2D Wind Speed and Direction","sensorTemp","Meas. Level 2"
"NEON.D15.ONAQ.DP0.00001.001.01309.000.030.000",0.21,"ONAQ","2D Wind Speed and Direction","sensorTemp","Meas. Level 3"
"NEON.D15.ONAQ.DP0.00001.001.01310.000.010.000",0,"ONAQ","2D Wind Speed and Direction","2dWindSensorStatus","Meas. Level 1"
"NEON.D15.ONAQ.DP0.00001.001.01310.000.020.000",0,"ONAQ","2D Wind Speed and Direction","2dWindSensorStatus","Meas. Level 2"
"NEON.D15.ONAQ.DP0.00001.001.01310.000.030.000",0,"ONAQ","2D Wind Speed and Direction","2dWindSensorStatus","Meas. Level 3"
"NEON.D15.ONAQ.DP0.00002.001.01325.000.010.000",0.029,"ONAQ","Single Aspirated Air Temperature","PRTResistance","Meas. Level 1"
"NEON.D15.ONAQ.DP0.00002.001.01325.000.020.000",0.021,"ONAQ","Single Aspirated Air Temperature","PRTResistance","Meas. Level 2"
"NEON.D15.ONAQ.DP0.00002.001.01325.000.030.000",0.018,"ONAQ","Single Aspirated Air Temperature","PRTResistance","Meas. Level 3"
"NEON.D15.ONAQ.DP0.00002.001.01326.000.010.000",0.007,"ONAQ","Single Aspirated Air Temperature","fanSpeed","Meas. Level 1"
"NEON.D15.ONAQ.DP0.00002.001.01326.000.020.000",0.005,"ONAQ","Single Aspirated Air Temperature","fanSpeed","Meas. Level 2"
"NEON.D15.ONAQ.DP0.00002.001.01326.000.030.000",0.009,"ONAQ","Single Aspirated Air Temperature","fanSpeed","Meas. Level 3"
"NEON.D15.ONAQ.DP0.00002.001.01330.000.010.000",0.025,"ONAQ","Single Aspirated Air Temperature","turbineSpeed","Meas. Level 1"
"NEON.D15.ONAQ.DP0.00002.001.01330.000.020.000",0.061,"ONAQ","Single Aspirated Air Temperature","turbineSpeed","Meas. Level 2"
"NEON.D15.ONAQ.DP0.00002.001.01330.000.030.000",0.088,"ONAQ","Single Aspirated Air Temperature","turbineSpeed","Meas. Level 3"
"NEON.D15.ONAQ.DP0.00003.001.01325.000.040.101",0.015,"ONAQ","Triple Aspirated Air Temperature","PRTResistance","Tower Top"
"NEON.D15.ONAQ.DP0.00003.001.01325.000.040.102",0.015,"ONAQ","Triple Aspirated Air Temperature","PRTResistance","Tower Top"
"NEON.D15.ONAQ.DP0.00003.001.01325.000.040.103",0.015,"ONAQ","Triple Aspirated Air Temperature","PRTResistance","Tower Top"
"NEON.D15.ONAQ.DP0.00003.001.01326.000.040.000",0.006,"ONAQ","Triple Aspirated Air Temperature","fanSpeed","Tower Top"
"NEON.D15.ONAQ.DP0.00003.001.01330.000.040.000",0.08,"ONAQ","Triple Aspirated Air Temperature","turbineSpeed","Tower Top"
"NEON.D15.ONAQ.DP0.00004.001.01309.000.035.000",0.198,"ONAQ","Barometric Pressure","sensorTemp","Meas. Level 3.5"
"NEON.D15.ONAQ.DP0.00004.001.01311.000.035.000",0.001,"ONAQ","Barometric Pressure","rawBarometricPressure","Meas. Level 3.5"
"NEON.D15.ONAQ.DP0.00004.001.01312.000.035.000",0,"ONAQ","Barometric Pressure","sensorStatus","Meas. Level 3.5"
"NEON.D15.ONAQ.DP0.00005.001.01313.000.010.000",2.474,"ONAQ","IR Biological Temperature","infraredThermopileOutput","Meas. Level 1"
"NEON.D15.ONAQ.DP0.00005.001.01313.000.020.000",10.013,"ONAQ","IR Biological Temperature","infraredThermopileOutput","Meas. Level 2"
"NEON.D15.ONAQ.DP0.00005.001.01313.003.000.000",1100.365,"ONAQ","IR Biological Temperature","infraredThermopileOutput","Soil Plot 3"
"NEON.D15.ONAQ.DP0.00005.001.01314.000.010.000",0.025,"ONAQ","IR Biological Temperature","sensorResistance","Meas. Level 1"
"NEON.D15.ONAQ.DP0.00005.001.01314.000.020.000",0.019,"ONAQ","IR Biological Temperature","sensorResistance","Meas. Level 2"
"NEON.D15.ONAQ.DP0.00005.001.01314.003.000.000",0.025,"ONAQ","IR Biological Temperature","sensorResistance","Soil Plot 3"
"NEON.D15.ONAQ.DP0.00006.001.01897.900.000.000",0,"ONAQ","Precipitation","strainGauge1Stability","DFIR"
"NEON.D15.ONAQ.DP0.00006.001.01898.900.000.000",0.319,"ONAQ","Precipitation","strainGauge1Temp","DFIR"
"NEON.D15.ONAQ.DP0.00006.001.01900.900.000.000",0,"ONAQ","Precipitation","strainGauge1FreqRaw","DFIR"
"NEON.D15.ONAQ.DP0.00006.001.01901.900.000.000",0.001,"ONAQ","Precipitation","strainGauge1Weight","DFIR"
"NEON.D15.ONAQ.DP0.00006.001.01903.900.000.000",0,"ONAQ","Precipitation","totalGaugeWeight","DFIR"
"NEON.D15.ONAQ.DP0.00006.001.01904.900.000.000",0.002,"ONAQ","Precipitation","totalPrecipDepth","DFIR"
"NEON.D15.ONAQ.DP0.00006.001.01905.900.000.000",0.436,"ONAQ","Precipitation","inletTemp","DFIR"
"NEON.D15.ONAQ.DP0.00006.001.01906.900.000.000",0.289,"ONAQ","Precipitation","internalTemp","DFIR"
"NEON.D15.ONAQ.DP0.00006.001.01907.900.000.000",1.783,"ONAQ","Precipitation","precipAccumulationRate","DFIR"
"NEON.D15.ONAQ.DP0.00006.001.01999.900.000.000",0,"ONAQ","Precipitation","strainGauge1FreqComp","DFIR"
"NEON.D15.ONAQ.DP0.00006.001.02000.900.000.000",0,"ONAQ","Precipitation","orificeHeaterFlag","DFIR"
"NEON.D15.ONAQ.DP0.00006.001.02068.900.000.000",0,"ONAQ","Precipitation","strainGauge2Stability","DFIR"
"NEON.D15.ONAQ.DP0.00006.001.02069.900.000.000",0,"ONAQ","Precipitation","strainGauge3Stability","DFIR"
"NEON.D15.ONAQ.DP0.00006.001.02070.900.000.000",0.352,"ONAQ","Precipitation","strainGauge2Temp","DFIR"
"NEON.D15.ONAQ.DP0.00006.001.02071.900.000.000",0.321,"ONAQ","Precipitation","strainGauge3Temp","DFIR"
"NEON.D15.ONAQ.DP0.00006.001.02072.900.000.000",0,"ONAQ","Precipitation","strainGauge2FreqRaw","DFIR"
"NEON.D15.ONAQ.DP0.00006.001.02073.900.000.000",0,"ONAQ","Precipitation","strainGauge3FreqRaw","DFIR"
"NEON.D15.ONAQ.DP0.00006.001.02074.900.000.000",0.001,"ONAQ","Precipitation","strainGauge2Weight","DFIR"
"NEON.D15.ONAQ.DP0.00006.001.02075.900.000.000",0.001,"ONAQ","Precipitation","strainGauge3Weight","DFIR"
"NEON.D15.ONAQ.DP0.00006.001.02076.900.000.000",0,"ONAQ","Precipitation","strainGauge2FreqComp","DFIR"
"NEON.D15.ONAQ.DP0.00006.001.02077.900.000.000",0,"ONAQ","Precipitation","strainGauge3FreqComp","DFIR"
"NEON.D15.ONAQ.DP0.00013.001.01818.000.040.000",0.123,"ONAQ","Wet deposition","chamberTemperature","Tower Top"
"NEON.D15.ONAQ.DP0.00014.001.01332.000.040.000",1.317,"ONAQ","Shortwave Radiation (Direct and Diffuse Pyranometer)","rawShortwaveRadiationGlobal","Tower Top"
"NEON.D15.ONAQ.DP0.00014.001.01333.000.040.000",1.217,"ONAQ","Shortwave Radiation (Direct and Diffuse Pyranometer)","rawShortwaveRadiationDiffuse","Tower Top"
"NEON.D15.ONAQ.DP0.00014.001.01334.000.040.000",1.769,"ONAQ","Shortwave Radiation (Direct and Diffuse Pyranometer)","sunPresence","Tower Top"
"NEON.D15.ONAQ.DP0.00017.001.01939.000.040.000",15.868,"ONAQ","Dust and Particulate Size Distribution","particulateMass1.0","Tower Top"
"NEON.D15.ONAQ.DP0.00017.001.01940.000.040.000",15.986,"ONAQ","Dust and Particulate Size Distribution","particulateMass2.5","Tower Top"
"NEON.D15.ONAQ.DP0.00017.001.01941.000.040.000",16.823,"ONAQ","Dust and Particulate Size Distribution","particulateMass4.0","Tower Top"
"NEON.D15.ONAQ.DP0.00017.001.01942.000.040.000",18.926,"ONAQ","Dust and Particulate Size Distribution","particulateMass10","Tower Top"
"NEON.D15.ONAQ.DP0.00017.001.01943.000.040.000",19.131,"ONAQ","Dust and Particulate Size Distribution","particulateMass15","Tower Top"
"NEON.D15.ONAQ.DP0.00017.001.01944.000.040.000",0.001,"ONAQ","Dust and Particulate Size Distribution","pressureFM","Tower Top"
"NEON.D15.ONAQ.DP0.00017.001.01945.000.040.000",0.033,"ONAQ","Dust and Particulate Size Distribution","tempFM","Tower Top"
"NEON.D15.ONAQ.DP0.00017.001.01946.000.040.000",0.037,"ONAQ","Dust and Particulate Size Distribution","flowRateVolFM","Tower Top"
"NEON.D15.ONAQ.DP0.00017.001.01947.000.040.000",0.038,"ONAQ","Dust and Particulate Size Distribution","flowRateMassFM","Tower Top"
"NEON.D15.ONAQ.DP0.00017.001.01948.000.040.000",0.001,"ONAQ","Dust and Particulate Size Distribution","presAtm","Tower Top"
"NEON.D15.ONAQ.DP0.00017.001.01949.000.040.000",0.037,"ONAQ","Dust and Particulate Size Distribution","temp","Tower Top"
"NEON.D15.ONAQ.DP0.00017.001.01950.000.040.000",0.001,"ONAQ","Dust and Particulate Size Distribution","frt","Tower Top"
"NEON.D15.ONAQ.DP0.00017.001.01951.000.040.000",0.004,"ONAQ","Dust and Particulate Size Distribution","frt0","Tower Top"
"NEON.D15.ONAQ.DP0.00017.001.01952.000.040.000",0,"ONAQ","Dust and Particulate Size Distribution","frtSet0","Tower Top"
"NEON.D15.ONAQ.DP0.00017.001.02351.000.040.000",0,"ONAQ","Dust and Particulate Size Distribution","pumpVoltage","Tower Top"
"NEON.D15.ONAQ.DP0.00022.001.01324.000.040.000",1.346,"ONAQ","Shortwave Radiation (Primary Pyranometer)","pyranometerOutput","Tower Top"
"NEON.D15.ONAQ.DP0.00022.001.01325.000.040.000",0.017,"ONAQ","Shortwave Radiation (Primary Pyranometer)","PRTResistance","Tower Top"
"NEON.D15.ONAQ.DP0.00022.001.01326.000.040.000",0.005,"ONAQ","Shortwave Radiation (Primary Pyranometer)","fanSpeed","Tower Top"
"NEON.D15.ONAQ.DP0.00023.001.01314.000.040.000",0.017,"ONAQ","Shortwave/Longwave Net Radiation","sensorResistance","Tower Top"
"NEON.D15.ONAQ.DP0.00023.001.01314.003.000.000",0.035,"ONAQ","Shortwave/Longwave Net Radiation","sensorResistance","Soil Plot 3"
"NEON.D15.ONAQ.DP0.00023.001.01315.000.040.000",1.376,"ONAQ","Shortwave/Longwave Net Radiation","inNetRadPyranometer","Tower Top"
"NEON.D15.ONAQ.DP0.00023.001.01316.000.040.000",1.394,"ONAQ","Shortwave/Longwave Net Radiation","outNetRadPyranometer","Tower Top"
"NEON.D15.ONAQ.DP0.00023.001.01317.000.040.000",-0.224,"ONAQ","Shortwave/Longwave Net Radiation","inNetRadPyrgeometer","Tower Top"
"NEON.D15.ONAQ.DP0.00023.001.01317.003.000.000",-0.459,"ONAQ","Shortwave/Longwave Net Radiation","inNetRadPyrgeometer","Soil Plot 3"
"NEON.D15.ONAQ.DP0.00023.001.01318.000.040.000",-4.161,"ONAQ","Shortwave/Longwave Net Radiation","outNetRadPyrgeometer","Tower Top"
"NEON.D15.ONAQ.DP0.00023.001.01318.003.000.000",1.825,"ONAQ","Shortwave/Longwave Net Radiation","outNetRadPyrgeometer","Soil Plot 3"
"NEON.D15.ONAQ.DP0.00024.001.01320.000.010.000",1.259,"ONAQ","Photosynthetically Active Radiation","inPAR","Meas. Level 1"
"NEON.D15.ONAQ.DP0.00024.001.01320.000.020.000",1.351,"ONAQ","Photosynthetically Active Radiation","inPAR","Meas. Level 2"
"NEON.D15.ONAQ.DP0.00024.001.01320.000.030.000",1.333,"ONAQ","Photosynthetically Active Radiation","inPAR","Meas. Level 3"
"NEON.D15.ONAQ.DP0.00024.001.01320.000.040.000",1.342,"ONAQ","Photosynthetically Active Radiation","inPAR","Tower Top"
"NEON.D15.ONAQ.DP0.00024.001.01321.000.040.000",1.328,"ONAQ","Photosynthetically Active Radiation","outPAR","Tower Top"
"NEON.D15.ONAQ.DP0.00040.001.01798.001.501.000",5.554,"ONAQ","Soil heat flux plate","SHFVoltage","Soil Plot 1, depth 1"
"NEON.D15.ONAQ.DP0.00040.001.01798.003.501.000",4.231,"ONAQ","Soil heat flux plate","SHFVoltage","Soil Plot 3, depth 1"
"NEON.D15.ONAQ.DP0.00040.001.01798.005.501.000",4.656,"ONAQ","Soil heat flux plate","SHFVoltage","Soil Plot 5, depth 1"
"NEON.D15.ONAQ.DP0.00040.001.01799.001.501.000",NA,"ONAQ","Soil heat flux plate","SHFCalHeaterFlag","Soil Plot 1, depth 1"
"NEON.D15.ONAQ.DP0.00040.001.01799.003.501.000",NA,"ONAQ","Soil heat flux plate","SHFCalHeaterFlag","Soil Plot 3, depth 1"
"NEON.D15.ONAQ.DP0.00040.001.01799.005.501.000",NA,"ONAQ","Soil heat flux plate","SHFCalHeaterFlag","Soil Plot 5, depth 1"
"NEON.D15.ONAQ.DP0.00040.001.01800.001.501.000",8.207,"ONAQ","Soil heat flux plate","curVoltage","Soil Plot 1, depth 1"
"NEON.D15.ONAQ.DP0.00040.001.01800.003.501.000",8.213,"ONAQ","Soil heat flux plate","curVoltage","Soil Plot 3, depth 1"
"NEON.D15.ONAQ.DP0.00040.001.01800.005.501.000",8.185,"ONAQ","Soil heat flux plate","curVoltage","Soil Plot 5, depth 1"
"NEON.D15.ONAQ.DP0.00041.001.01728.001.501.000",0.024,"ONAQ","Soil temperature","soilPRTResistance","Soil Plot 1, depth 1"
"NEON.D15.ONAQ.DP0.00041.001.01728.001.502.000",0.017,"ONAQ","Soil temperature","soilPRTResistance","Soil Plot 1, depth 2"
"NEON.D15.ONAQ.DP0.00041.001.01728.001.503.000",3.079,"ONAQ","Soil temperature","soilPRTResistance","Soil Plot 1, depth 3"
"NEON.D15.ONAQ.DP0.00041.001.01728.001.504.000",0.003,"ONAQ","Soil temperature","soilPRTResistance","Soil Plot 1, depth 4"
"NEON.D15.ONAQ.DP0.00041.001.01728.001.505.000",0.001,"ONAQ","Soil temperature","soilPRTResistance","Soil Plot 1, depth 5"
"NEON.D15.ONAQ.DP0.00041.001.01728.001.506.000",0,"ONAQ","Soil temperature","soilPRTResistance","Soil Plot 1, depth 6"
"NEON.D15.ONAQ.DP0.00041.001.01728.001.507.000",4.596,"ONAQ","Soil temperature","soilPRTResistance","Soil Plot 1, depth 7"
"NEON.D15.ONAQ.DP0.00041.001.01728.001.508.000",0,"ONAQ","Soil temperature","soilPRTResistance","Soil Plot 1, depth 8"
"NEON.D15.ONAQ.DP0.00041.001.01728.001.509.000",0,"ONAQ","Soil temperature","soilPRTResistance","Soil Plot 1, depth 9"
"NEON.D15.ONAQ.DP0.00041.001.01728.002.501.000",0.019,"ONAQ","Soil temperature","soilPRTResistance","Soil Plot 2, depth 1"
"NEON.D15.ONAQ.DP0.00041.001.01728.002.502.000",3.106,"ONAQ","Soil temperature","soilPRTResistance","Soil Plot 2, depth 2"
"NEON.D15.ONAQ.DP0.00041.001.01728.002.503.000",0.005,"ONAQ","Soil temperature","soilPRTResistance","Soil Plot 2, depth 3"
"NEON.D15.ONAQ.DP0.00041.001.01728.002.504.000",0.002,"ONAQ","Soil temperature","soilPRTResistance","Soil Plot 2, depth 4"
"NEON.D15.ONAQ.DP0.00041.001.01728.002.505.000",0,"ONAQ","Soil temperature","soilPRTResistance","Soil Plot 2, depth 5"
"NEON.D15.ONAQ.DP0.00041.001.01728.002.506.000",0,"ONAQ","Soil temperature","soilPRTResistance","Soil Plot 2, depth 6"
"NEON.D15.ONAQ.DP0.00041.001.01728.002.507.000",3.23,"ONAQ","Soil temperature","soilPRTResistance","Soil Plot 2, depth 7"
"NEON.D15.ONAQ.DP0.00041.001.01728.002.508.000",0,"ONAQ","Soil temperature","soilPRTResistance","Soil Plot 2, depth 8"
"NEON.D15.ONAQ.DP0.00041.001.01728.002.509.000",2.99,"ONAQ","Soil temperature","soilPRTResistance","Soil Plot 2, depth 9"
"NEON.D15.ONAQ.DP0.00041.001.01728.003.501.000",0.023,"ONAQ","Soil temperature","soilPRTResistance","Soil Plot 3, depth 1"
"NEON.D15.ONAQ.DP0.00041.001.01728.003.502.000",3.083,"ONAQ","Soil temperature","soilPRTResistance","Soil Plot 3, depth 2"
"NEON.D15.ONAQ.DP0.00041.001.01728.003.503.000",0.006,"ONAQ","Soil temperature","soilPRTResistance","Soil Plot 3, depth 3"
"NEON.D15.ONAQ.DP0.00041.001.01728.003.504.000",0.002,"ONAQ","Soil temperature","soilPRTResistance","Soil Plot 3, depth 4"
"NEON.D15.ONAQ.DP0.00041.001.01728.003.505.000",3.132,"ONAQ","Soil temperature","soilPRTResistance","Soil Plot 3, depth 5"
"NEON.D15.ONAQ.DP0.00041.001.01728.003.506.000",0,"ONAQ","Soil temperature","soilPRTResistance","Soil Plot 3, depth 6"
"NEON.D15.ONAQ.DP0.00041.001.01728.003.507.000",0,"ONAQ","Soil temperature","soilPRTResistance","Soil Plot 3, depth 7"
"NEON.D15.ONAQ.DP0.00041.001.01728.003.508.000",3.234,"ONAQ","Soil temperature","soilPRTResistance","Soil Plot 3, depth 8"
"NEON.D15.ONAQ.DP0.00041.001.01728.003.509.000",0.002,"ONAQ","Soil temperature","soilPRTResistance","Soil Plot 3, depth 9"
"NEON.D15.ONAQ.DP0.00041.001.01728.004.501.000",0.024,"ONAQ","Soil temperature","soilPRTResistance","Soil Plot 4, depth 1"
"NEON.D15.ONAQ.DP0.00041.001.01728.004.502.000",0.017,"ONAQ","Soil temperature","soilPRTResistance","Soil Plot 4, depth 2"
"NEON.D15.ONAQ.DP0.00041.001.01728.004.503.000",4.592,"ONAQ","Soil temperature","soilPRTResistance","Soil Plot 4, depth 3"
"NEON.D15.ONAQ.DP0.00041.001.01728.004.504.000",0.003,"ONAQ","Soil temperature","soilPRTResistance","Soil Plot 4, depth 4"
"NEON.D15.ONAQ.DP0.00041.001.01728.004.505.000",0.001,"ONAQ","Soil temperature","soilPRTResistance","Soil Plot 4, depth 5"
"NEON.D15.ONAQ.DP0.00041.001.01728.004.506.000",0.017,"ONAQ","Soil temperature","soilPRTResistance","Soil Plot 4, depth 6"
"NEON.D15.ONAQ.DP0.00041.001.01728.004.507.000",0.012,"ONAQ","Soil temperature","soilPRTResistance","Soil Plot 4, depth 7"
"NEON.D15.ONAQ.DP0.00041.001.01728.004.508.000",0,"ONAQ","Soil temperature","soilPRTResistance","Soil Plot 4, depth 8"
"NEON.D15.ONAQ.DP0.00041.001.01728.004.509.000",3.3,"ONAQ","Soil temperature","soilPRTResistance","Soil Plot 4, depth 9"
"NEON.D15.ONAQ.DP0.00041.001.01728.005.501.000",0.023,"ONAQ","Soil temperature","soilPRTResistance","Soil Plot 5, depth 1"
"NEON.D15.ONAQ.DP0.00041.001.01728.005.502.000",0.017,"ONAQ","Soil temperature","soilPRTResistance","Soil Plot 5, depth 2"
"NEON.D15.ONAQ.DP0.00041.001.01728.005.503.000",0.008,"ONAQ","Soil temperature","soilPRTResistance","Soil Plot 5, depth 3"
"NEON.D15.ONAQ.DP0.00041.001.01728.005.504.000",0.003,"ONAQ","Soil temperature","soilPRTResistance","Soil Plot 5, depth 4"
"NEON.D15.ONAQ.DP0.00041.001.01728.005.505.000",0.03,"ONAQ","Soil temperature","soilPRTResistance","Soil Plot 5, depth 5"
"NEON.D15.ONAQ.DP0.00066.001.01329.001.000.000",1.437,"ONAQ","Photosynthetically active radiation (Quantum Line)","linePAR","Soil Plot 1"
"NEON.D15.ONAQ.DP0.00066.001.01329.003.000.000",1.335,"ONAQ","Photosynthetically active radiation (Quantum Line)","linePAR","Soil Plot 3"
"NEON.D15.ONAQ.DP0.00066.001.01329.005.000.000",1.365,"ONAQ","Photosynthetically active radiation (Quantum Line)","linePAR","Soil Plot 5"
"NEON.D15.ONAQ.DP0.00094.001.02081.001.501.000",0.061,"ONAQ","Soil water and salinity","rawVSWC0","Soil Plot 1, depth 1"
"NEON.D15.ONAQ.DP0.00094.001.02081.002.501.000",0.051,"ONAQ","Soil water and salinity","rawVSWC0","Soil Plot 2, depth 1"
"NEON.D15.ONAQ.DP0.00094.001.02081.003.501.000",NA,"ONAQ","Soil water and salinity","rawVSWC0","Soil Plot 3, depth 1"
"NEON.D15.ONAQ.DP0.00094.001.02081.004.501.000",0.049,"ONAQ","Soil water and salinity","rawVSWC0","Soil Plot 4, depth 1"
"NEON.D15.ONAQ.DP0.00094.001.02081.005.501.000",0.062,"ONAQ","Soil water and salinity","rawVSWC0","Soil Plot 5, depth 1"
"NEON.D15.ONAQ.DP0.00094.001.02082.001.501.000",0.026,"ONAQ","Soil water and salinity","rawVSIC0","Soil Plot 1, depth 1"
"NEON.D15.ONAQ.DP0.00094.001.02082.002.501.000",0.039,"ONAQ","Soil water and salinity","rawVSIC0","Soil Plot 2, depth 1"
"NEON.D15.ONAQ.DP0.00094.001.02082.003.501.000",NA,"ONAQ","Soil water and salinity","rawVSIC0","Soil Plot 3, depth 1"
"NEON.D15.ONAQ.DP0.00094.001.02082.004.501.000",0.047,"ONAQ","Soil water and salinity","rawVSIC0","Soil Plot 4, depth 1"
"NEON.D15.ONAQ.DP0.00094.001.02082.005.501.000",0.058,"ONAQ","Soil water and salinity","rawVSIC0","Soil Plot 5, depth 1"
"NEON.D15.ONAQ.DP0.00094.001.02083.001.501.000",0.029,"ONAQ","Soil water and salinity","rawVSWC1","Soil Plot 1, depth 2"
"NEON.D15.ONAQ.DP0.00094.001.02083.002.501.000",0.029,"ONAQ","Soil water and salinity","rawVSWC1","Soil Plot 2, depth 2"
"NEON.D15.ONAQ.DP0.00094.001.02083.003.501.000",NA,"ONAQ","Soil water and salinity","rawVSWC1","Soil Plot 3, depth 2"
"NEON.D15.ONAQ.DP0.00094.001.02083.004.501.000",0.026,"ONAQ","Soil water and salinity","rawVSWC1","Soil Plot 4, depth 2"
"NEON.D15.ONAQ.DP0.00094.001.02083.005.501.000",0.03,"ONAQ","Soil water and salinity","rawVSWC1","Soil Plot 5, depth 2"
"NEON.D15.ONAQ.DP0.00094.001.02084.001.501.000",0.011,"ONAQ","Soil water and salinity","rawVSIC1","Soil Plot 1, depth 2"
"NEON.D15.ONAQ.DP0.00094.001.02084.002.501.000",0.026,"ONAQ","Soil water and salinity","rawVSIC1","Soil Plot 2, depth 2"
"NEON.D15.ONAQ.DP0.00094.001.02084.003.501.000",NA,"ONAQ","Soil water and salinity","rawVSIC1","Soil Plot 3, depth 2"
"NEON.D15.ONAQ.DP0.00094.001.02084.004.501.000",0.014,"ONAQ","Soil water and salinity","rawVSIC1","Soil Plot 4, depth 2"
"NEON.D15.ONAQ.DP0.00094.001.02084.005.501.000",0.006,"ONAQ","Soil water and salinity","rawVSIC1","Soil Plot 5, depth 2"
"NEON.D15.ONAQ.DP0.00094.001.02085.001.501.000",0.013,"ONAQ","Soil water and salinity","rawVSWC2","Soil Plot 1, depth 3"
"NEON.D15.ONAQ.DP0.00094.001.02085.002.501.000",0.011,"ONAQ","Soil water and salinity","rawVSWC2","Soil Plot 2, depth 3"
"NEON.D15.ONAQ.DP0.00094.001.02085.003.501.000",NA,"ONAQ","Soil water and salinity","rawVSWC2","Soil Plot 3, depth 3"
"NEON.D15.ONAQ.DP0.00094.001.02085.004.501.000",0.012,"ONAQ","Soil water and salinity","rawVSWC2","Soil Plot 4, depth 3"
"NEON.D15.ONAQ.DP0.00094.001.02085.005.501.000",0.012,"ONAQ","Soil water and salinity","rawVSWC2","Soil Plot 5, depth 3"
"NEON.D15.ONAQ.DP0.00094.001.02086.001.501.000",0.017,"ONAQ","Soil water and salinity","rawVSIC2","Soil Plot 1, depth 3"
"NEON.D15.ONAQ.DP0.00094.001.02086.002.501.000",0.004,"ONAQ","Soil water and salinity","rawVSIC2","Soil Plot 2, depth 3"
"NEON.D15.ONAQ.DP0.00094.001.02086.003.501.000",NA,"ONAQ","Soil water and salinity","rawVSIC2","Soil Plot 3, depth 3"
"NEON.D15.ONAQ.DP0.00094.001.02086.004.501.000",0.011,"ONAQ","Soil water and salinity","rawVSIC2","Soil Plot 4, depth 3"
"NEON.D15.ONAQ.DP0.00094.001.02086.005.501.000",0.001,"ONAQ","Soil water and salinity","rawVSIC2","Soil Plot 5, depth 3"
"NEON.D15.ONAQ.DP0.00094.001.02087.001.501.000",0.004,"ONAQ","Soil water and salinity","rawVSWC3","Soil Plot 1, depth 4"
"NEON.D15.ONAQ.DP0.00094.001.02087.002.501.000",0.002,"ONAQ","Soil water and salinity","rawVSWC3","Soil Plot 2, depth 4"
"NEON.D15.ONAQ.DP0.00094.001.02087.003.501.000",NA,"ONAQ","Soil water and salinity","rawVSWC3","Soil Plot 3, depth 4"
"NEON.D15.ONAQ.DP0.00094.001.02087.004.501.000",0.004,"ONAQ","Soil water and salinity","rawVSWC3","Soil Plot 4, depth 4"
"NEON.D15.ONAQ.DP0.00094.001.02087.005.501.000",0.003,"ONAQ","Soil water and salinity","rawVSWC3","Soil Plot 5, depth 4"
"NEON.D15.ONAQ.DP0.00094.001.02088.001.501.000",0.004,"ONAQ","Soil water and salinity","rawVSIC3","Soil Plot 1, depth 4"
"NEON.D15.ONAQ.DP0.00094.001.02088.002.501.000",0.002,"ONAQ","Soil water and salinity","rawVSIC3","Soil Plot 2, depth 4"
"NEON.D15.ONAQ.DP0.00094.001.02088.003.501.000",NA,"ONAQ","Soil water and salinity","rawVSIC3","Soil Plot 3, depth 4"
"NEON.D15.ONAQ.DP0.00094.001.02088.004.501.000",0.001,"ONAQ","Soil water and salinity","rawVSIC3","Soil Plot 4, depth 4"
"NEON.D15.ONAQ.DP0.00094.001.02088.005.501.000",0,"ONAQ","Soil water and salinity","rawVSIC3","Soil Plot 5, depth 4"
"NEON.D15.ONAQ.DP0.00094.001.02089.001.501.000",0.005,"ONAQ","Soil water and salinity","rawVSWC4","Soil Plot 1, depth 5"
"NEON.D15.ONAQ.DP0.00094.001.02089.002.501.000",0.001,"ONAQ","Soil water and salinity","rawVSWC4","Soil Plot 2, depth 5"
"NEON.D15.ONAQ.DP0.00094.001.02089.003.501.000",NA,"ONAQ","Soil water and salinity","rawVSWC4","Soil Plot 3, depth 5"
"NEON.D15.ONAQ.DP0.00094.001.02089.004.501.000",0.004,"ONAQ","Soil water and salinity","rawVSWC4","Soil Plot 4, depth 5"
"NEON.D15.ONAQ.DP0.00094.001.02089.005.501.000",0.001,"ONAQ","Soil water and salinity","rawVSWC4","Soil Plot 5, depth 5"
"NEON.D15.ONAQ.DP0.00094.001.02090.001.501.000",0.001,"ONAQ","Soil water and salinity","rawVSIC4","Soil Plot 1, depth 5"
"NEON.D15.ONAQ.DP0.00094.001.02090.002.501.000",0.003,"ONAQ","Soil water and salinity","rawVSIC4","Soil Plot 2, depth 5"
"NEON.D15.ONAQ.DP0.00094.001.02090.003.501.000",NA,"ONAQ","Soil water and salinity","rawVSIC4","Soil Plot 3, depth 5"
"NEON.D15.ONAQ.DP0.00094.001.02090.004.501.000",0,"ONAQ","Soil water and salinity","rawVSIC4","Soil Plot 4, depth 5"
"NEON.D15.ONAQ.DP0.00094.001.02090.005.501.000",0.548,"ONAQ","Soil water and salinity","rawVSIC4","Soil Plot 5, depth 5"
"NEON.D15.ONAQ.DP0.00094.001.02091.001.501.000",0.001,"ONAQ","Soil water and salinity","rawVSWC5","Soil Plot 1, depth 6"
"NEON.D15.ONAQ.DP0.00094.001.02091.002.501.000",0,"ONAQ","Soil water and salinity","rawVSWC5","Soil Plot 2, depth 6"
"NEON.D15.ONAQ.DP0.00094.001.02091.003.501.000",NA,"ONAQ","Soil water and salinity","rawVSWC5","Soil Plot 3, depth 6"
"NEON.D15.ONAQ.DP0.00094.001.02091.004.501.000",0,"ONAQ","Soil water and salinity","rawVSWC5","Soil Plot 4, depth 6"
"NEON.D15.ONAQ.DP0.00094.001.02091.005.501.000",0.115,"ONAQ","Soil water and salinity","rawVSWC5","Soil Plot 5, depth 6"
"NEON.D15.ONAQ.DP0.00094.001.02092.001.501.000",0.219,"ONAQ","Soil water and salinity","rawVSIC5","Soil Plot 1, depth 6"
"NEON.D15.ONAQ.DP0.00094.001.02092.002.501.000",0.001,"ONAQ","Soil water and salinity","rawVSIC5","Soil Plot 2, depth 6"
"NEON.D15.ONAQ.DP0.00094.001.02092.003.501.000",NA,"ONAQ","Soil water and salinity","rawVSIC5","Soil Plot 3, depth 6"
"NEON.D15.ONAQ.DP0.00094.001.02092.004.501.000",0,"ONAQ","Soil water and salinity","rawVSIC5","Soil Plot 4, depth 6"
"NEON.D15.ONAQ.DP0.00094.001.02092.005.501.000",0.044,"ONAQ","Soil water and salinity","rawVSIC5","Soil Plot 5, depth 6"
"NEON.D15.ONAQ.DP0.00094.001.02093.001.501.000",0.008,"ONAQ","Soil water and salinity","rawVSWC6","Soil Plot 1, depth 7"
"NEON.D15.ONAQ.DP0.00094.001.02093.002.501.000",NA,"ONAQ","Soil water and salinity","rawVSWC6","Soil Plot 2, depth 7"
"NEON.D15.ONAQ.DP0.00094.001.02093.003.501.000",NA,"ONAQ","Soil water and salinity","rawVSWC6","Soil Plot 3, depth 7"
"NEON.D15.ONAQ.DP0.00094.001.02093.004.501.000",0.015,"ONAQ","Soil water and salinity","rawVSWC6","Soil Plot 4, depth 7"
"NEON.D15.ONAQ.DP0.00094.001.02093.005.501.000",0,"ONAQ","Soil water and salinity","rawVSWC6","Soil Plot 5, depth 7"
"NEON.D15.ONAQ.DP0.00094.001.02094.001.501.000",0.004,"ONAQ","Soil water and salinity","rawVSIC6","Soil Plot 1, depth 7"
"NEON.D15.ONAQ.DP0.00094.001.02094.002.501.000",NA,"ONAQ","Soil water and salinity","rawVSIC6","Soil Plot 2, depth 7"
"NEON.D15.ONAQ.DP0.00094.001.02094.003.501.000",NA,"ONAQ","Soil water and salinity","rawVSIC6","Soil Plot 3, depth 7"
"NEON.D15.ONAQ.DP0.00094.001.02094.004.501.000",0.002,"ONAQ","Soil water and salinity","rawVSIC6","Soil Plot 4, depth 7"
"NEON.D15.ONAQ.DP0.00094.001.02094.005.501.000",0.001,"ONAQ","Soil water and salinity","rawVSIC6","Soil Plot 5, depth 7"
"NEON.D15.ONAQ.DP0.00094.001.02095.001.501.000",0.005,"ONAQ","Soil water and salinity","rawVSWC7","Soil Plot 1, depth 8"
"NEON.D15.ONAQ.DP0.00094.001.02095.002.501.000",NA,"ONAQ","Soil water and salinity","rawVSWC7","Soil Plot 2, depth 8"
"NEON.D15.ONAQ.DP0.00094.001.02095.003.501.000",NA,"ONAQ","Soil water and salinity","rawVSWC7","Soil Plot 3, depth 8"
"NEON.D15.ONAQ.DP0.00094.001.02095.004.501.000",0.008,"ONAQ","Soil water and salinity","rawVSWC7","Soil Plot 4, depth 8"
"NEON.D15.ONAQ.DP0.00094.001.02095.005.501.000",0,"ONAQ","Soil water and salinity","rawVSWC7","Soil Plot 5, depth 8"
"NEON.D15.ONAQ.DP0.00094.001.02096.001.501.000",0.001,"ONAQ","Soil water and salinity","rawVSIC7","Soil Plot 1, depth 8"
"NEON.D15.ONAQ.DP0.00094.001.02096.002.501.000",NA,"ONAQ","Soil water and salinity","rawVSIC7","Soil Plot 2, depth 8"
"NEON.D15.ONAQ.DP0.00094.001.02096.003.501.000",NA,"ONAQ","Soil water and salinity","rawVSIC7","Soil Plot 3, depth 8"
"NEON.D15.ONAQ.DP0.00094.001.02096.004.501.000",0.001,"ONAQ","Soil water and salinity","rawVSIC7","Soil Plot 4, depth 8"
"NEON.D15.ONAQ.DP0.00094.001.02096.005.501.000",3.057,"ONAQ","Soil water and salinity","rawVSIC7","Soil Plot 5, depth 8"
"NEON.D15.ONAQ.DP0.00095.001.01729.001.501.000",0.014,"ONAQ","Soil CO2 concentration","rawCO2","Soil Plot 1, depth 1"
"NEON.D15.ONAQ.DP0.00095.001.01729.001.502.000",0.046,"ONAQ","Soil CO2 concentration","rawCO2","Soil Plot 1, depth 2"
"NEON.D15.ONAQ.DP0.00095.001.01729.001.503.000",0.088,"ONAQ","Soil CO2 concentration","rawCO2","Soil Plot 1, depth 3"
"NEON.D15.ONAQ.DP0.00095.001.01729.002.501.000",0.063,"ONAQ","Soil CO2 concentration","rawCO2","Soil Plot 2, depth 1"
"NEON.D15.ONAQ.DP0.00095.001.01729.002.502.000",0.077,"ONAQ","Soil CO2 concentration","rawCO2","Soil Plot 2, depth 2"
"NEON.D15.ONAQ.DP0.00095.001.01729.002.503.000",0.114,"ONAQ","Soil CO2 concentration","rawCO2","Soil Plot 2, depth 3"
"NEON.D15.ONAQ.DP0.00095.001.01729.003.501.000",0.016,"ONAQ","Soil CO2 concentration","rawCO2","Soil Plot 3, depth 1"
"NEON.D15.ONAQ.DP0.00095.001.01729.003.502.000",0.008,"ONAQ","Soil CO2 concentration","rawCO2","Soil Plot 3, depth 2"
"NEON.D15.ONAQ.DP0.00095.001.01729.003.503.000",0.077,"ONAQ","Soil CO2 concentration","rawCO2","Soil Plot 3, depth 3"
"NEON.D15.ONAQ.DP0.00095.001.01729.004.501.000",0.036,"ONAQ","Soil CO2 concentration","rawCO2","Soil Plot 4, depth 1"
"NEON.D15.ONAQ.DP0.00095.001.01729.004.502.000",0.12,"ONAQ","Soil CO2 concentration","rawCO2","Soil Plot 4, depth 2"
"NEON.D15.ONAQ.DP0.00095.001.01729.004.503.000",0.084,"ONAQ","Soil CO2 concentration","rawCO2","Soil Plot 4, depth 3"
"NEON.D15.ONAQ.DP0.00095.001.01729.005.501.000",0.034,"ONAQ","Soil CO2 concentration","rawCO2","Soil Plot 5, depth 1"
"NEON.D15.ONAQ.DP0.00095.001.01729.005.502.000",0.029,"ONAQ","Soil CO2 concentration","rawCO2","Soil Plot 5, depth 2"
"NEON.D15.ONAQ.DP0.00095.001.01729.005.503.000",0.092,"ONAQ","Soil CO2 concentration","rawCO2","Soil Plot 5, depth 3"
"NEON.D15.ONAQ.DP0.00095.001.01730.001.501.000",0.304,"ONAQ","Soil CO2 concentration","headspaceTemp","Soil Plot 1, depth 1"
"NEON.D15.ONAQ.DP0.00095.001.01730.001.502.000",0.293,"ONAQ","Soil CO2 concentration","headspaceTemp","Soil Plot 1, depth 2"
"NEON.D15.ONAQ.DP0.00095.001.01730.001.503.000",0.207,"ONAQ","Soil CO2 concentration","headspaceTemp","Soil Plot 1, depth 3"
"NEON.D15.ONAQ.DP0.00095.001.01730.002.501.000",0.318,"ONAQ","Soil CO2 concentration","headspaceTemp","Soil Plot 2, depth 1"
"NEON.D15.ONAQ.DP0.00095.001.01730.002.502.000",0.301,"ONAQ","Soil CO2 concentration","headspaceTemp","Soil Plot 2, depth 2"
"NEON.D15.ONAQ.DP0.00095.001.01730.002.503.000",0.253,"ONAQ","Soil CO2 concentration","headspaceTemp","Soil Plot 2, depth 3"
"NEON.D15.ONAQ.DP0.00095.001.01730.003.501.000",0.286,"ONAQ","Soil CO2 concentration","headspaceTemp","Soil Plot 3, depth 1"
"NEON.D15.ONAQ.DP0.00095.001.01730.003.502.000",0.287,"ONAQ","Soil CO2 concentration","headspaceTemp","Soil Plot 3, depth 2"
"NEON.D15.ONAQ.DP0.00095.001.01730.003.503.000",0.21,"ONAQ","Soil CO2 concentration","headspaceTemp","Soil Plot 3, depth 3"
"NEON.D15.ONAQ.DP0.00095.001.01730.004.501.000",0.285,"ONAQ","Soil CO2 concentration","headspaceTemp","Soil Plot 4, depth 1"
"NEON.D15.ONAQ.DP0.00095.001.01730.004.502.000",0.291,"ONAQ","Soil CO2 concentration","headspaceTemp","Soil Plot 4, depth 2"
"NEON.D15.ONAQ.DP0.00095.001.01730.004.503.000",0.221,"ONAQ","Soil CO2 concentration","headspaceTemp","Soil Plot 4, depth 3"
"NEON.D15.ONAQ.DP0.00095.001.01730.005.501.000",0.284,"ONAQ","Soil CO2 concentration","headspaceTemp","Soil Plot 5, depth 1"
"NEON.D15.ONAQ.DP0.00095.001.01730.005.502.000",0.289,"ONAQ","Soil CO2 concentration","headspaceTemp","Soil Plot 5, depth 2"
"NEON.D15.ONAQ.DP0.00095.001.01730.005.503.000",0.237,"ONAQ","Soil CO2 concentration","headspaceTemp","Soil Plot 5, depth 3"
"NEON.D15.ONAQ.DP0.00095.001.01731.001.501.000",0,"ONAQ","Soil CO2 concentration","errorStatus","Soil Plot 1, depth 1"
"NEON.D15.ONAQ.DP0.00095.001.01731.001.502.000",0,"ONAQ","Soil CO2 concentration","errorStatus","Soil Plot 1, depth 2"
"NEON.D15.ONAQ.DP0.00095.001.01731.001.503.000",0,"ONAQ","Soil CO2 concentration","errorStatus","Soil Plot 1, depth 3"
"NEON.D15.ONAQ.DP0.00095.001.01731.002.501.000",0,"ONAQ","Soil CO2 concentration","errorStatus","Soil Plot 2, depth 1"
"NEON.D15.ONAQ.DP0.00095.001.01731.002.502.000",0,"ONAQ","Soil CO2 concentration","errorStatus","Soil Plot 2, depth 2"
"NEON.D15.ONAQ.DP0.00095.001.01731.002.503.000",0,"ONAQ","Soil CO2 concentration","errorStatus","Soil Plot 2, depth 3"
"NEON.D15.ONAQ.DP0.00095.001.01731.003.501.000",0,"ONAQ","Soil CO2 concentration","errorStatus","Soil Plot 3, depth 1"
"NEON.D15.ONAQ.DP0.00095.001.01731.003.502.000",0,"ONAQ","Soil CO2 concentration","errorStatus","Soil Plot 3, depth 2"
"NEON.D15.ONAQ.DP0.00095.001.01731.003.503.000",0,"ONAQ","Soil CO2 concentration","errorStatus","Soil Plot 3, depth 3"
"NEON.D15.ONAQ.DP0.00095.001.01731.004.501.000",0,"ONAQ","Soil CO2 concentration","errorStatus","Soil Plot 4, depth 1"
"NEON.D15.ONAQ.DP0.00095.001.01731.004.502.000",0,"ONAQ","Soil CO2 concentration","errorStatus","Soil Plot 4, depth 2"
"NEON.D15.ONAQ.DP0.00095.001.01731.004.503.000",0,"ONAQ","Soil CO2 concentration","errorStatus","Soil Plot 4, depth 3"
"NEON.D15.ONAQ.DP0.00095.001.01731.005.501.000",0,"ONAQ","Soil CO2 concentration","errorStatus","Soil Plot 5, depth 1"
"NEON.D15.ONAQ.DP0.00095.001.01731.005.502.000",0,"ONAQ","Soil CO2 concentration","errorStatus","Soil Plot 5, depth 2"
"NEON.D15.ONAQ.DP0.00095.001.01731.005.503.000",0,"ONAQ","Soil CO2 concentration","errorStatus","Soil Plot 5, depth 3"
"NEON.D15.ONAQ.DP0.00098.001.01309.000.040.000",0.17,"ONAQ","Relative Humidity","sensorTemp","Tower Top"
"NEON.D15.ONAQ.DP0.00098.001.01309.003.000.000",0.277,"ONAQ","Relative Humidity","sensorTemp","Soil Plot 3"
"NEON.D15.ONAQ.DP0.00098.001.01357.000.040.000",0.364,"ONAQ","Relative Humidity","RH","Tower Top"
"NEON.D15.ONAQ.DP0.00098.001.01357.003.000.000",0.44,"ONAQ","Relative Humidity","RH","Soil Plot 3"
"NEON.D15.ONAQ.DP0.00098.001.01358.000.040.000",-0.392,"ONAQ","Relative Humidity","dewPoint","Tower Top"
"NEON.D15.ONAQ.DP0.00098.001.01358.003.000.000",-0.451,"ONAQ","Relative Humidity","dewPoint","Soil Plot 3"
"NEON.D15.ONAQ.DP0.00098.001.01359.000.040.000",0,"ONAQ","Relative Humidity","RHStatus","Tower Top"
"NEON.D15.ONAQ.DP0.00098.001.01359.003.000.000",0,"ONAQ","Relative Humidity","RHStatus","Soil Plot 3"
"NEON.D15.ONAQ.DP0.00101.001.01309.000.040.000",0.178,"ONAQ","Particulate Mass","sensorTemp","Tower Top"
"NEON.D15.ONAQ.DP0.00101.001.01814.000.040.000",0.002,"ONAQ","Particulate Mass","baroPressParticulateMass","Tower Top"
"NEON.D15.ONAQ.DP0.00101.001.01815.000.040.000",0.004,"ONAQ","Particulate Mass","flowRate","Tower Top"
"NEON.D15.ONAQ.DP0.00101.001.01816.000.040.000",0.355,"ONAQ","Particulate Mass","corrAirVolume","Tower Top"
"NEON.D15.ONAQ.DP0.00101.001.01817.000.040.000",0.352,"ONAQ","Particulate Mass","uncorrAirVolume","Tower Top"
"NEON.D15.ONAQ.DP0.00102.001.02316.700.000.000",0.008,"ONAQ","Atmospheric CO2 Isotope","fwMoleCO2","Hut"
"NEON.D15.ONAQ.DP0.00102.001.02324.700.000.000",-0.08,"ONAQ","Atmospheric CO2 Isotope","d13CO2","Hut"
"NEON.D15.ONAQ.DP0.00102.001.02325.700.000.000",0.37,"ONAQ","Atmospheric CO2 Isotope","percentFwMoleH2O","Hut"
"NEON.D15.ONAQ.DP0.00103.001.02339.700.000.000",0.25,"ONAQ","Atmospheric H2O isotopes","ppmvFwMoleH2O","Hut"
"NEON.D15.ONAQ.DP0.00103.001.02369.700.000.000",-0.049,"ONAQ","Atmospheric H2O isotopes","d18OWater","Hut"
"NEON.D15.ONAQ.DP0.00103.001.02370.700.000.000",-0.041,"ONAQ","Atmospheric H2O isotopes","d2HWater","Hut"
"NEON.D15.ONAQ.DP0.00104.001.02344.700.000.000",0.014,"ONAQ","Hut environment","tempHut","Hut"
"NEON.D15.ONAQ.DP0.00104.001.02347.700.000.000",0.243,"ONAQ","Hut environment","H2OMixRatioHut","Hut"
"NEON.D15.ONAQ.DP0.00105.001.02316.700.000.000",0.069,"ONAQ","ECSE profile CO2 & H2O concentration (storage)","fwMoleCO2","Hut"
"NEON.D15.ONAQ.DP0.00105.001.02348.700.000.000",0.334,"ONAQ","ECSE profile CO2 & H2O concentration (storage)","fwMoleH2O","Hut"
"NEON.D15.ONAQ.DP0.00106.001.01951.700.000.000",0.04,"ONAQ","ECSE profile mass flow controller (sampling)","frt0","Hut"
"NEON.D15.ONAQ.DP0.00108.001.01948.700.010.000",0.032,"ONAQ","ECSE profile mass flow meter","presAtm","Hut, ML-1"
"NEON.D15.ONAQ.DP0.00108.001.01948.700.020.000",0.03,"ONAQ","ECSE profile mass flow meter","presAtm","Hut, ML-2"
"NEON.D15.ONAQ.DP0.00108.001.01948.700.030.000",0.045,"ONAQ","ECSE profile mass flow meter","presAtm","Hut, ML-3"
"NEON.D15.ONAQ.DP0.00108.001.01948.700.040.000",0.034,"ONAQ","ECSE profile mass flow meter","presAtm","Hut, ML-4"
"NEON.D15.ONAQ.DP0.00108.001.01951.700.010.000",0.065,"ONAQ","ECSE profile mass flow meter","frt0","Hut, ML-1"
"NEON.D15.ONAQ.DP0.00108.001.01951.700.020.000",0.065,"ONAQ","ECSE profile mass flow meter","frt0","Hut, ML-2"
"NEON.D15.ONAQ.DP0.00108.001.01951.700.030.000",0.073,"ONAQ","ECSE profile mass flow meter","frt0","Hut, ML-3"
"NEON.D15.ONAQ.DP0.00108.001.01951.700.040.000",0.071,"ONAQ","ECSE profile mass flow meter","frt0","Hut, ML-4"
"NEON.D15.ONAQ.DP0.00109.001.02196.000.010.000",0.027,"ONAQ","ECSE profile inlet pressure","presGage","Meas. Level 1"
"NEON.D15.ONAQ.DP0.00109.001.02196.000.020.000",0.025,"ONAQ","ECSE profile inlet pressure","presGage","Meas. Level 2"
"NEON.D15.ONAQ.DP0.00109.001.02196.000.030.000",0.038,"ONAQ","ECSE profile inlet pressure","presGage","Meas. Level 3"
"NEON.D15.ONAQ.DP0.00109.001.02196.000.040.000",0.029,"ONAQ","ECSE profile inlet pressure","presGage","Tower Top"
"NEON.D15.ONAQ.DP0.00112.001.02351.700.000.000",0.011,"ONAQ","ECSE profile sampling pump","pumpVoltage","Hut"
"NEON.D15.ONAQ.DP0.00112.001.02351.700.010.000",0.017,"ONAQ","ECSE profile sampling pump","pumpVoltage","Hut, ML-1"
"NEON.D15.ONAQ.DP0.00112.001.02351.700.020.000",0.02,"ONAQ","ECSE profile sampling pump","pumpVoltage","Hut, ML-2"
"NEON.D15.ONAQ.DP0.00112.001.02351.700.030.000",0.031,"ONAQ","ECSE profile sampling pump","pumpVoltage","Hut, ML-3"
"NEON.D15.ONAQ.DP0.00112.001.02351.700.040.000",0.021,"ONAQ","ECSE profile sampling pump","pumpVoltage","Hut, ML-4"
